Vertex Count: 48

Data:

-25 0 -25 0.9707 0.5 -1 0 0
-25 0 25 0.9707 0.5 -1 0 0
-25 1 -25 0.9707 0.5 -1 0 0
-25 1 -25 0.9707 0.5 -1 0 0
-25 0 25 0.9707 0.5 -1 0 0
-25 1 25 0.9707 0.5 -1 0 0
25 1 -25 0.9707 0.5 1 0 0
25 0 25 0.9707 0.5 1 0 0
25 0 -25 0.9707 0.5 1 0 0
25 1 25 0.9707 0.5 1 0 0
25 0 25 0.9707 0.5 1 0 0
25 1 -25 0.9707 0.5 1 0 0
-25 0 -25 0.9707 0.5 0 0 -1
-25 1 -25 0.9707 0.5 0 0 -1
25 0 -25 0.9707 0.5 0 0 -1
25 0 -25 0.9707 0.5 0 0 -1
-25 1 -25 0.9707 0.5 0 0 -1
25 1 -25 0.9707 0.5 0 0 -1
25 0 25 0.9707 0.5 0 0 1
-25 1 25 0.9707 0.5 0 0 1
-25 0 25 0.9707 0.5 0 0 1
25 1 25 0.9707 0.5 0 0 1
-25 1 25 0.9707 0.5 0 0 1
25 0 25 0.9707 0.5 0 0 1
-25 0 -25 0.9707 0.5 0 -1 0
25 0 -25 0.9707 0.5 0 -1 0
-25 0 25 0.9707 0.5 0 -1 0
-25 0 25 0.9707 0.5 0 -1 0
25 0 -25 0.9707 0.5 0 -1 0
25 0 25 0.9707 0.5 0 -1 0
-25 1 25 0.9707 0.5 0 1 0
25 1 -25 0.9707 0.5 0 1 0
-25 1 -25 0.9707 0.5 0 1 0
25 1 25 0.9707 0.5 0 1 0
25 1 -25 0.9707 0.5 0 1 0
-25 1 25 0.9707 0.5 0 1 0
