Vertex Count: 948

Data:

0.2354 0.2978 0.1952 0.8728 0.0197 0.183203 -0.983062 -0.004639
0.2482 0.3074 -0.2962 0.8482 0.6423 0.753471 -0.65743 -0.003052
0.2482 0.3052 0.1956 0.8498 0.0197 0.944945 -0.327128 -0.001434
0.2354 0.2978 0.1952 0.8728 0.0197 0.183203 -0.983062 -0.004639
0.2354 0.3002 -0.2966 0.8712 0.6423 -0.193213 -0.98114 -0.004639
0.2482 0.3074 -0.2962 0.8482 0.6423 0.753471 -0.65743 -0.003052
0.2228 0.3052 0.1956 0.8958 0.0197 -0.756676 -0.653768 -0.003052
0.2354 0.3002 -0.2966 0.8712 0.6423 -0.193213 -0.98114 -0.004639
0.2354 0.2978 0.1952 0.8728 0.0197 0.183203 -0.983062 -0.004639
0.2228 0.3052 0.1956 0.8958 0.0197 -0.756676 -0.653768 -0.003052
0.2228 0.3074 -0.2962 0.8942 0.6424 -0.944487 -0.328471 -0.001465
0.2354 0.3002 -0.2966 0.8712 0.6423 -0.193213 -0.98114 -0.004639
0.2228 0.3198 0.1964 0.9188 0.0197 -0.945585 0.325266 0.001587
0.2228 0.3074 -0.2962 0.8942 0.6424 -0.944487 -0.328471 -0.001465
0.2228 0.3052 0.1956 0.8958 0.0197 -0.756676 -0.653768 -0.003052
0.2228 0.3198 0.1964 0.9188 0.0197 -0.945585 0.325266 0.001587
0.2228 0.3222 -0.2954 0.9172 0.6424 -0.759423 0.650563 0.003174
0.2228 0.3074 -0.2962 0.8942 0.6424 -0.944487 -0.328471 -0.001465
0.2354 0.3272 0.1968 0.9418 0.0197 -0.194037 0.980956 0.004761
0.2228 0.3222 -0.2954 0.9172 0.6424 -0.759423 0.650563 0.003174
0.2228 0.3198 0.1964 0.9188 0.0197 -0.945585 0.325266 0.001587
0.2354 0.3272 0.1968 0.9418 0.0197 -0.194037 0.980956 0.004761
0.2354 0.3296 -0.2952 0.9402 0.6425 0.187323 0.982269 0.004791
0.2228 0.3222 -0.2954 0.9172 0.6424 -0.759423 0.650563 0.003174
0.2482 0.3198 0.1964 0.9647 0.0197 0.756218 0.654286 0.003174
0.2354 0.3296 -0.2952 0.9402 0.6425 0.187323 0.982269 0.004791
0.2354 0.3272 0.1968 0.9418 0.0197 -0.194037 0.980956 0.004761
0.2482 0.3198 0.1964 0.9647 0.0197 0.756218 0.654286 0.003174
0.2482 0.3222 -0.2954 0.9632 0.6426 0.944945 0.327128 0.001587
0.2354 0.3296 -0.2952 0.9402 0.6425 0.187323 0.982269 0.004791
0.2482 0.3198 0.1964 0.9647 0.0197 0.756218 0.654286 0.003174
0.2482 0.3052 0.1956 0.9877 0.0198 0.944945 -0.327128 -0.001434
0.2482 0.3222 -0.2954 0.9632 0.6426 0.944945 0.327128 0.001587
0.2482 0.3222 -0.2954 0.9632 0.6426 0.944945 0.327128 0.001587
0.2482 0.3052 0.1956 0.9877 0.0198 0.944945 -0.327128 -0.001434
0.2482 0.3074 -0.2962 0.9862 0.6426 0.753471 -0.65743 -0.003052
0.2776 -0.0036 0.2232 0.7003 0.6768 0.31254 -0.852596 -0.418775
0.2946 -0.0008 0.2402 0.7142 0.6978 0.966277 -0.254189 -0.04059
0.2882 0.0008 0.2636 0.7005 0.7189 0.501236 -0.480056 0.719901
0.2776 -0.0036 0.2232 0.7003 0.6768 0.31254 -0.852596 -0.418775
0.2882 0.0008 0.2636 0.7005 0.7189 0.501236 -0.480056 0.719901
0.2648 -0.0008 0.27 0.673 0.719 -0.299448 -0.560076 0.772393
0.2776 -0.0036 0.2232 0.7003 0.6768 0.31254 -0.852596 -0.418775
0.2648 -0.0008 0.27 0.673 0.719 -0.299448 -0.560076 0.772393
0.2478 -0.0036 0.253 0.6592 0.698 -0.728507 -0.675649 0.112827
0.2776 -0.0036 0.2232 0.7003 0.6768 0.31254 -0.852596 -0.418775
0.2478 -0.0036 0.253 0.6592 0.698 -0.728507 -0.675649 0.112827
0.2542 -0.0052 0.2296 0.6728 0.6769 -0.478042 -0.495773 -0.724998
0.1808 0.6188 0.1562 0.835 0.0178 -0.818201 -0.161138 -0.551836
0.2542 -0.0052 0.2296 0.8378 0.6763 -0.478042 -0.495773 -0.724998
0.2478 -0.0036 0.253 0.8103 0.6764 -0.728507 -0.675649 0.112827
0.1808 0.6188 0.1562 0.835 0.0178 -0.818201 -0.161138 -0.551836
0.2478 -0.0036 0.253 0.8103 0.6764 -0.728507 -0.675649 0.112827
0.1744 0.6202 0.1798 0.8076 0.0179 -0.895657 -0.053468 0.441481
0.1744 0.6202 0.1798 0.8076 0.0179 -0.895657 -0.053468 0.441481
0.2478 -0.0036 0.253 0.8103 0.6764 -0.728507 -0.675649 0.112827
0.2648 -0.0008 0.27 0.7828 0.6765 -0.299448 -0.560076 0.772393
0.1744 0.6202 0.1798 0.8076 0.0179 -0.895657 -0.053468 0.441481
0.2648 -0.0008 0.27 0.7828 0.6765 -0.299448 -0.560076 0.772393
0.1916 0.6232 0.1968 0.7801 0.018 -0.074648 0.107547 0.991363
0.1916 0.6232 0.1968 0.7801 0.018 -0.074648 0.107547 0.991363
0.2648 -0.0008 0.27 0.7828 0.6765 -0.299448 -0.560076 0.772393
0.2882 0.0008 0.2636 0.7553 0.6766 0.501236 -0.480056 0.719901
0.1916 0.6232 0.1968 0.7801 0.018 -0.074648 0.107547 0.991363
0.2882 0.0008 0.2636 0.7553 0.6766 0.501236 -0.480056 0.719901
0.215 0.6246 0.1904 0.7526 0.0181 0.818171 0.160741 0.551988
0.215 0.6246 0.1904 0.7526 0.0181 0.818171 0.160741 0.551988
0.2882 0.0008 0.2636 0.7553 0.6766 0.501236 -0.480056 0.719901
0.2946 -0.0008 0.2402 0.7278 0.6767 0.966277 -0.254189 -0.04059
0.215 0.6246 0.1904 0.7526 0.0181 0.818171 0.160741 0.551988
0.2946 -0.0008 0.2402 0.7278 0.6767 0.966277 -0.254189 -0.04059
0.2214 0.6232 0.167 0.7251 0.0182 0.897702 0.053926 -0.437239
0.2214 0.6232 0.167 0.7251 0.0182 0.897702 0.053926 -0.437239
0.2946 -0.0008 0.2402 0.7278 0.6767 0.966277 -0.254189 -0.04059
0.2776 -0.0036 0.2232 0.7003 0.6768 0.31254 -0.852596 -0.418775
0.2214 0.6232 0.167 0.7251 0.0182 0.897702 0.053926 -0.437239
0.2776 -0.0036 0.2232 0.7003 0.6768 0.31254 -0.852596 -0.418775
0.2044 0.6202 0.1498 0.6976 0.0183 0.078707 -0.107395 -0.991089
0.2044 0.6202 0.1498 0.6976 0.0183 0.078707 -0.107395 -0.991089
0.2776 -0.0036 0.2232 0.7003 0.6768 0.31254 -0.852596 -0.418775
0.2542 -0.0052 0.2296 0.6728 0.6769 -0.478042 -0.495773 -0.724998
0.2044 0.6202 0.1498 0.6976 0.0183 0.078707 -0.107395 -0.991089
0.2542 -0.0052 0.2296 0.6728 0.6769 -0.478042 -0.495773 -0.724998
0.1808 0.6188 0.1562 0.6701 0.0183 -0.818201 -0.161138 -0.551836
0.2342 0.2978 -0.0412 0.8728 0.0197 -0.005036 -0.98178 -0.189886
-0.2194 0.3074 -0.0538 0.8482 0.6423 -0.003296 -0.653768 -0.756676
0.2346 0.3052 -0.0538 0.8498 0.0197 -0.001556 -0.325266 -0.945585
0.2342 0.2978 -0.0412 0.8728 0.0197 -0.005036 -0.98178 -0.189886
-0.2198 0.3002 -0.0412 0.8712 0.6423 -0.005036 -0.982421 0.186529
-0.2194 0.3074 -0.0538 0.8482 0.6423 -0.003296 -0.653768 -0.756676
0.2346 0.3052 -0.0284 0.8958 0.0197 -0.003327 -0.65743 0.753471
-0.2198 0.3002 -0.0412 0.8712 0.6423 -0.005036 -0.982421 0.186529
0.2342 0.2978 -0.0412 0.8728 0.0197 -0.005036 -0.98178 -0.189886
0.2346 0.3052 -0.0284 0.8958 0.0197 -0.003327 -0.65743 0.753471
-0.2194 0.3074 -0.0284 0.8942 0.6424 -0.001587 -0.330302 0.943846
-0.2198 0.3002 -0.0412 0.8712 0.6423 -0.005036 -0.982421 0.186529
0.2352 0.3198 -0.0284 0.9188 0.0197 0.001709 0.327128 0.944975
-0.2194 0.3074 -0.0284 0.8942 0.6424 -0.001587 -0.330302 0.943846
0.2346 0.3052 -0.0284 0.8958 0.0197 -0.003327 -0.65743 0.753471
0.2352 0.3198 -0.0284 0.9188 0.0197 0.001709 0.327128 0.944975
-0.2188 0.3222 -0.0284 0.9172 0.6424 0.003449 0.654256 0.756249
-0.2194 0.3074 -0.0284 0.8942 0.6424 -0.001587 -0.330302 0.943846
0.2356 0.3272 -0.0412 0.9418 0.0197 0.005188 0.982269 0.187353
-0.2188 0.3222 -0.0284 0.9172 0.6424 0.003449 0.654256 0.756249
0.2352 0.3198 -0.0284 0.9188 0.0197 0.001709 0.327128 0.944975
0.2356 0.3272 -0.0412 0.9418 0.0197 0.005188 0.982269 0.187353
-0.2184 0.3296 -0.0412 0.9402 0.6425 0.005158 0.980956 -0.194067
-0.2188 0.3222 -0.0284 0.9172 0.6424 0.003449 0.654256 0.756249
0.2352 0.3198 -0.0538 0.9647 0.0197 0.003418 0.650533 -0.759423
-0.2184 0.3296 -0.0412 0.9402 0.6425 0.005158 0.980956 -0.194067
0.2356 0.3272 -0.0412 0.9418 0.0197 0.005188 0.982269 0.187353
0.2352 0.3198 -0.0538 0.9647 0.0197 0.003418 0.650533 -0.759423
-0.2188 0.3222 -0.0538 0.9632 0.6426 0.001709 0.325266 -0.945616
-0.2184 0.3296 -0.0412 0.9402 0.6425 0.005158 0.980956 -0.194067
0.2346 0.3052 -0.0538 0.9877 0.0198 -0.001556 -0.325266 -0.945585
-0.2188 0.3222 -0.0538 0.9632 0.6426 0.001709 0.325266 -0.945616
0.2352 0.3198 -0.0538 0.9647 0.0197 0.003418 0.650533 -0.759423
0.2346 0.3052 -0.0538 0.9877 0.0198 -0.001556 -0.325266 -0.945585
-0.2194 0.3074 -0.0538 0.9862 0.6426 -0.003296 -0.653768 -0.756676
-0.2188 0.3222 -0.0538 0.9632 0.6426 0.001709 0.325266 -0.945616
-0.2192 0.2978 0.1952 0.8728 0.0197 0.183203 -0.983062 -0.004639
-0.2064 0.3074 -0.2962 0.8482 0.6423 0.753471 -0.65743 -0.003052
-0.2064 0.3052 0.1956 0.8498 0.0197 0.944945 -0.327128 -0.001434
-0.2192 0.2978 0.1952 0.8728 0.0197 0.183203 -0.983062 -0.004639
-0.2192 0.3002 -0.2966 0.8712 0.6423 -0.193213 -0.98114 -0.004639
-0.2064 0.3074 -0.2962 0.8482 0.6423 0.753471 -0.65743 -0.003052
-0.2318 0.3052 0.1956 0.8958 0.0197 -0.756676 -0.653768 -0.003052
-0.2192 0.3002 -0.2966 0.8712 0.6423 -0.193213 -0.98114 -0.004639
-0.2192 0.2978 0.1952 0.8728 0.0197 0.183203 -0.983062 -0.004639
-0.2318 0.3052 0.1956 0.8958 0.0197 -0.756676 -0.653768 -0.003052
-0.2318 0.3074 -0.2962 0.8942 0.6424 -0.944487 -0.328471 -0.001465
-0.2192 0.3002 -0.2966 0.8712 0.6423 -0.193213 -0.98114 -0.004639
-0.2318 0.3198 0.1964 0.9188 0.0197 -0.945585 0.325266 0.001587
-0.2318 0.3074 -0.2962 0.8942 0.6424 -0.944487 -0.328471 -0.001465
-0.2318 0.3052 0.1956 0.8958 0.0197 -0.756676 -0.653768 -0.003052
-0.2318 0.3198 0.1964 0.9188 0.0197 -0.945585 0.325266 0.001587
-0.2318 0.3222 -0.2954 0.9172 0.6424 -0.759423 0.650563 0.003174
-0.2318 0.3074 -0.2962 0.8942 0.6424 -0.944487 -0.328471 -0.001465
-0.2192 0.3272 0.1968 0.9418 0.0197 -0.194037 0.980956 0.004761
-0.2318 0.3222 -0.2954 0.9172 0.6424 -0.759423 0.650563 0.003174
-0.2318 0.3198 0.1964 0.9188 0.0197 -0.945585 0.325266 0.001587
-0.2192 0.3272 0.1968 0.9418 0.0197 -0.194037 0.980956 0.004761
-0.2192 0.3296 -0.2952 0.9402 0.6425 0.187323 0.982269 0.004791
-0.2318 0.3222 -0.2954 0.9172 0.6424 -0.759423 0.650563 0.003174
-0.2064 0.3198 0.1964 0.9647 0.0197 0.756218 0.654286 0.003174
-0.2192 0.3296 -0.2952 0.9402 0.6425 0.187323 0.982269 0.004791
-0.2192 0.3272 0.1968 0.9418 0.0197 -0.194037 0.980956 0.004761
-0.2064 0.3198 0.1964 0.9647 0.0197 0.756218 0.654286 0.003174
-0.2064 0.3222 -0.2954 0.9632 0.6426 0.944945 0.327128 0.001587
-0.2192 0.3296 -0.2952 0.9402 0.6425 0.187323 0.982269 0.004791
-0.2064 0.3052 0.1956 0.9877 0.0198 0.944945 -0.327128 -0.001434
-0.2064 0.3222 -0.2954 0.9632 0.6426 0.944945 0.327128 0.001587
-0.2064 0.3198 0.1964 0.9647 0.0197 0.756218 0.654286 0.003174
-0.2064 0.3052 0.1956 0.9877 0.0198 0.944945 -0.327128 -0.001434
-0.2064 0.3074 -0.2962 0.9862 0.6426 0.753471 -0.65743 -0.003052
-0.2064 0.3222 -0.2954 0.9632 0.6426 0.944945 0.327128 0.001587
-0.2324 -0.0036 0.253 0.7003 0.6768 0.418775 -0.852596 0.31254
-0.2494 -0.0008 0.27 0.7142 0.6978 0.04059 -0.254189 0.966277
-0.2728 0.0008 0.2636 0.7005 0.7189 -0.719901 -0.480056 0.501236
-0.2324 -0.0036 0.253 0.7003 0.6768 0.418775 -0.852596 0.31254
-0.2728 0.0008 0.2636 0.7005 0.7189 -0.719901 -0.480056 0.501236
-0.2792 -0.0008 0.2402 0.673 0.719 -0.772393 -0.560076 -0.299448
-0.2324 -0.0036 0.253 0.7003 0.6768 0.418775 -0.852596 0.31254
-0.2792 -0.0008 0.2402 0.673 0.719 -0.772393 -0.560076 -0.299448
-0.2622 -0.0036 0.2232 0.6592 0.698 -0.112827 -0.675649 -0.728507
-0.2324 -0.0036 0.253 0.7003 0.6768 0.418775 -0.852596 0.31254
-0.2622 -0.0036 0.2232 0.6592 0.698 -0.112827 -0.675649 -0.728507
-0.2388 -0.0052 0.2296 0.6728 0.6769 0.724998 -0.495773 -0.478042
-0.1654 0.6188 0.1562 0.835 0.0178 0.551836 -0.161138 -0.818201
-0.2388 -0.0052 0.2296 0.8378 0.6763 0.724998 -0.495773 -0.478042
-0.2622 -0.0036 0.2232 0.8103 0.6764 -0.112827 -0.675649 -0.728507
-0.1654 0.6188 0.1562 0.835 0.0178 0.551836 -0.161138 -0.818201
-0.2622 -0.0036 0.2232 0.8103 0.6764 -0.112827 -0.675649 -0.728507
-0.189 0.6202 0.1498 0.8076 0.0179 -0.441481 -0.053468 -0.895657
-0.189 0.6202 0.1498 0.8076 0.0179 -0.441481 -0.053468 -0.895657
-0.2622 -0.0036 0.2232 0.8103 0.6764 -0.112827 -0.675649 -0.728507
-0.2792 -0.0008 0.2402 0.7828 0.6765 -0.772393 -0.560076 -0.299448
-0.189 0.6202 0.1498 0.8076 0.0179 -0.441481 -0.053468 -0.895657
-0.2792 -0.0008 0.2402 0.7828 0.6765 -0.772393 -0.560076 -0.299448
-0.206 0.6232 0.167 0.7801 0.018 -0.991363 0.107547 -0.074648
-0.206 0.6232 0.167 0.7801 0.018 -0.991363 0.107547 -0.074648
-0.2792 -0.0008 0.2402 0.7828 0.6765 -0.772393 -0.560076 -0.299448
-0.2728 0.0008 0.2636 0.7553 0.6766 -0.719901 -0.480056 0.501236
-0.206 0.6232 0.167 0.7801 0.018 -0.991363 0.107547 -0.074648
-0.2728 0.0008 0.2636 0.7553 0.6766 -0.719901 -0.480056 0.501236
-0.1996 0.6246 0.1904 0.7526 0.0181 -0.551988 0.160741 0.818171
-0.1996 0.6246 0.1904 0.7526 0.0181 -0.551988 0.160741 0.818171
-0.2728 0.0008 0.2636 0.7553 0.6766 -0.719901 -0.480056 0.501236
-0.2494 -0.0008 0.27 0.7278 0.6767 0.04059 -0.254189 0.966277
-0.1996 0.6246 0.1904 0.7526 0.0181 -0.551988 0.160741 0.818171
-0.2494 -0.0008 0.27 0.7278 0.6767 0.04059 -0.254189 0.966277
-0.1762 0.6232 0.1968 0.7251 0.0182 0.437239 0.053926 0.897702
-0.1762 0.6232 0.1968 0.7251 0.0182 0.437239 0.053926 0.897702
-0.2494 -0.0008 0.27 0.7278 0.6767 0.04059 -0.254189 0.966277
-0.2324 -0.0036 0.253 0.7003 0.6768 0.418775 -0.852596 0.31254
-0.1762 0.6232 0.1968 0.7251 0.0182 0.437239 0.053926 0.897702
-0.2324 -0.0036 0.253 0.7003 0.6768 0.418775 -0.852596 0.31254
-0.159 0.6202 0.1798 0.6976 0.0183 0.991089 -0.107395 0.078707
-0.159 0.6202 0.1798 0.6976 0.0183 0.991089 -0.107395 0.078707
-0.2324 -0.0036 0.253 0.7003 0.6768 0.418775 -0.852596 0.31254
-0.2388 -0.0052 0.2296 0.6728 0.6769 0.724998 -0.495773 -0.478042
-0.159 0.6202 0.1798 0.6976 0.0183 0.991089 -0.107395 0.078707
-0.2388 -0.0052 0.2296 0.6728 0.6769 0.724998 -0.495773 -0.478042
-0.1654 0.6188 0.1562 0.6701 0.0183 0.551836 -0.161138 -0.818201
-0.2324 -0.0036 -0.3314 0.7003 0.6768 0.418775 -0.852596 -0.31254
-0.2728 0.0008 -0.342 0.7005 0.7189 -0.719901 -0.480056 -0.501236
-0.2494 -0.0008 -0.3484 0.7142 0.6978 0.04059 -0.254189 -0.966277
-0.2324 -0.0036 -0.3314 0.7003 0.6768 0.418775 -0.852596 -0.31254
-0.2792 -0.0008 -0.3186 0.673 0.719 -0.771508 -0.560564 0.300821
-0.2728 0.0008 -0.342 0.7005 0.7189 -0.719901 -0.480056 -0.501236
-0.2324 -0.0036 -0.3314 0.7003 0.6768 0.418775 -0.852596 -0.31254
-0.2622 -0.0036 -0.3016 0.6592 0.698 -0.112827 -0.675497 0.728629
-0.2792 -0.0008 -0.3186 0.673 0.719 -0.771508 -0.560564 0.300821
-0.2324 -0.0036 -0.3314 0.7003 0.6768 0.418775 -0.852596 -0.31254
-0.2388 -0.0052 -0.308 0.6728 0.6769 0.724693 -0.495621 0.478683
-0.2622 -0.0036 -0.3016 0.6592 0.698 -0.112827 -0.675497 0.728629
-0.1654 0.6188 -0.2348 0.835 0.0178 0.551378 -0.160863 0.818567
-0.2622 -0.0036 -0.3016 0.8103 0.6764 -0.112827 -0.675497 0.728629
-0.2388 -0.0052 -0.308 0.8378 0.6763 0.724693 -0.495621 0.478683
-0.1654 0.6188 -0.2348 0.835 0.0178 0.551378 -0.160863 0.818567
-0.189 0.6202 -0.2284 0.8076 0.0179 -0.439619 -0.053591 0.896542
-0.2622 -0.0036 -0.3016 0.8103 0.6764 -0.112827 -0.675497 0.728629
-0.189 0.6202 -0.2284 0.8076 0.0179 -0.439619 -0.053591 0.896542
-0.2792 -0.0008 -0.3186 0.7828 0.6765 -0.771508 -0.560564 0.300821
-0.2622 -0.0036 -0.3016 0.8103 0.6764 -0.112827 -0.675497 0.728629
-0.189 0.6202 -0.2284 0.8076 0.0179 -0.439619 -0.053591 0.896542
-0.206 0.6232 -0.2454 0.7801 0.018 -0.991272 0.107334 0.076296
-0.2792 -0.0008 -0.3186 0.7828 0.6765 -0.771508 -0.560564 0.300821
-0.206 0.6232 -0.2454 0.7801 0.018 -0.991272 0.107334 0.076296
-0.2728 0.0008 -0.342 0.7553 0.6766 -0.719901 -0.480056 -0.501236
-0.2792 -0.0008 -0.3186 0.7828 0.6765 -0.771508 -0.560564 0.300821
-0.206 0.6232 -0.2454 0.7801 0.018 -0.991272 0.107334 0.076296
-0.1996 0.6246 -0.2688 0.7526 0.0181 -0.551988 0.160741 -0.818171
-0.2728 0.0008 -0.342 0.7553 0.6766 -0.719901 -0.480056 -0.501236
-0.1996 0.6246 -0.2688 0.7526 0.0181 -0.551988 0.160741 -0.818171
-0.2494 -0.0008 -0.3484 0.7278 0.6767 0.04059 -0.254189 -0.966277
-0.2728 0.0008 -0.342 0.7553 0.6766 -0.719901 -0.480056 -0.501236
-0.1996 0.6246 -0.2688 0.7526 0.0181 -0.551988 0.160741 -0.818171
-0.1762 0.6232 -0.2752 0.7251 0.0182 0.437239 0.053926 -0.897702
-0.2494 -0.0008 -0.3484 0.7278 0.6767 0.04059 -0.254189 -0.966277
-0.1762 0.6232 -0.2752 0.7251 0.0182 0.437239 0.053926 -0.897702
-0.2324 -0.0036 -0.3314 0.7003 0.6768 0.418775 -0.852596 -0.31254
-0.2494 -0.0008 -0.3484 0.7278 0.6767 0.04059 -0.254189 -0.966277
-0.1762 0.6232 -0.2752 0.7251 0.0182 0.437239 0.053926 -0.897702
-0.159 0.6202 -0.2582 0.6976 0.0183 0.991119 -0.107456 -0.077944
-0.2324 -0.0036 -0.3314 0.7003 0.6768 0.418775 -0.852596 -0.31254
-0.159 0.6202 -0.2582 0.6976 0.0183 0.991119 -0.107456 -0.077944
-0.2388 -0.0052 -0.308 0.6728 0.6769 0.724693 -0.495621 0.478683
-0.2324 -0.0036 -0.3314 0.7003 0.6768 0.418775 -0.852596 -0.31254
-0.159 0.6202 -0.2582 0.6976 0.0183 0.991119 -0.107456 -0.077944
-0.1654 0.6188 -0.2348 0.6701 0.0183 0.551378 -0.160863 0.818567
-0.2388 -0.0052 -0.308 0.6728 0.6769 0.724693 -0.495621 0.478683
0.2776 -0.0036 -0.3016 0.7003 0.6768 0.311655 -0.852535 0.419568
0.2882 0.0008 -0.342 0.7005 0.7189 0.501236 -0.480056 -0.719901
0.2946 -0.0008 -0.3186 0.7142 0.6978 0.966277 -0.254189 0.04059
0.2776 -0.0036 -0.3016 0.7003 0.6768 0.311655 -0.852535 0.419568
0.2648 -0.0008 -0.3484 0.673 0.719 -0.299448 -0.560076 -0.772393
0.2882 0.0008 -0.342 0.7005 0.7189 0.501236 -0.480056 -0.719901
0.2776 -0.0036 -0.3016 0.7003 0.6768 0.311655 -0.852535 0.419568
0.2478 -0.0036 -0.3314 0.6592 0.698 -0.728477 -0.675802 -0.112247
0.2648 -0.0008 -0.3484 0.673 0.719 -0.299448 -0.560076 -0.772393
0.2776 -0.0036 -0.3016 0.7003 0.6768 0.311655 -0.852535 0.419568
0.2542 -0.0052 -0.308 0.6728 0.6769 -0.478103 -0.49559 0.725089
0.2478 -0.0036 -0.3314 0.6592 0.698 -0.728477 -0.675802 -0.112247
0.1808 0.6188 -0.2348 0.835 0.0178 -0.817805 -0.161016 0.552446
0.2478 -0.0036 -0.3314 0.8103 0.6764 -0.728477 -0.675802 -0.112247
0.2542 -0.0052 -0.308 0.8378 0.6763 -0.478103 -0.49559 0.725089
0.1808 0.6188 -0.2348 0.835 0.0178 -0.817805 -0.161016 0.552446
0.1744 0.6202 -0.2582 0.8076 0.0179 -0.895901 -0.05356 -0.440962
0.2478 -0.0036 -0.3314 0.8103 0.6764 -0.728477 -0.675802 -0.112247
0.1744 0.6202 -0.2582 0.8076 0.0179 -0.895901 -0.05356 -0.440962
0.2648 -0.0008 -0.3484 0.7828 0.6765 -0.299448 -0.560076 -0.772393
0.2478 -0.0036 -0.3314 0.8103 0.6764 -0.728477 -0.675802 -0.112247
0.1744 0.6202 -0.2582 0.8076 0.0179 -0.895901 -0.05356 -0.440962
0.1916 0.6232 -0.2752 0.7801 0.018 -0.074648 0.107547 -0.991363
0.2648 -0.0008 -0.3484 0.7828 0.6765 -0.299448 -0.560076 -0.772393
0.1916 0.6232 -0.2752 0.7801 0.018 -0.074648 0.107547 -0.991363
0.2882 0.0008 -0.342 0.7553 0.6766 0.501236 -0.480056 -0.719901
0.2648 -0.0008 -0.3484 0.7828 0.6765 -0.299448 -0.560076 -0.772393
0.1916 0.6232 -0.2752 0.7801 0.018 -0.074648 0.107547 -0.991363
0.215 0.6246 -0.2688 0.7526 0.0181 0.818171 0.160741 -0.551988
0.2882 0.0008 -0.342 0.7553 0.6766 0.501236 -0.480056 -0.719901
0.215 0.6246 -0.2688 0.7526 0.0181 0.818171 0.160741 -0.551988
0.2946 -0.0008 -0.3186 0.7278 0.6767 0.966277 -0.254189 0.04059
0.2882 0.0008 -0.342 0.7553 0.6766 0.501236 -0.480056 -0.719901
0.215 0.6246 -0.2688 0.7526 0.0181 0.818171 0.160741 -0.551988
0.2214 0.6232 -0.2454 0.7251 0.0182 0.896817 0.053682 0.4391
0.2946 -0.0008 -0.3186 0.7278 0.6767 0.966277 -0.254189 0.04059
0.2214 0.6232 -0.2454 0.7251 0.0182 0.896817 0.053682 0.4391
0.2776 -0.0036 -0.3016 0.7003 0.6768 0.311655 -0.852535 0.419568
0.2946 -0.0008 -0.3186 0.7278 0.6767 0.966277 -0.254189 0.04059
0.2214 0.6232 -0.2454 0.7251 0.0182 0.896817 0.053682 0.4391
0.2044 0.6202 -0.2284 0.6976 0.0183 0.077029 -0.107273 0.991211
0.2776 -0.0036 -0.3016 0.7003 0.6768 0.311655 -0.852535 0.419568
0.2044 0.6202 -0.2284 0.6976 0.0183 0.077029 -0.107273 0.991211
0.2542 -0.0052 -0.308 0.6728 0.6769 -0.478103 -0.49559 0.725089
0.2776 -0.0036 -0.3016 0.7003 0.6768 0.311655 -0.852535 0.419568
0.2044 0.6202 -0.2284 0.6976 0.0183 0.077029 -0.107273 0.991211
0.1808 0.6188 -0.2348 0.6701 0.0183 -0.817805 -0.161016 0.552446
0.2542 -0.0052 -0.308 0.6728 0.6769 -0.478103 -0.49559 0.725089
0.327 1.2044 0.2474 0.7302 0.8569 0.668935 0.085818 -0.738334
0.3126 1.162 0.2418 0.7185 0.8976 0.614124 -0.399792 -0.68041
0.2844 1.131 0.2426 0.6948 0.9281 0.095187 -0.400616 -0.911252
0.327 1.2044 0.2474 0.7302 0.8569 0.668935 0.085818 -0.738334
0.2844 1.131 0.2426 0.6948 0.9281 0.095187 -0.400616 -0.911252
0.3204 1.249 0.2606 0.7247 0.8141 0.364391 0.492203 -0.790521
0.3204 1.249 0.2606 0.7247 0.8141 0.364391 0.492203 -0.790521
0.2844 1.131 0.2426 0.6948 0.9281 0.095187 -0.400616 -0.911252
0.2564 1.1196 0.2484 0.6461 0.9445 -0.275399 -0.48909 -0.827601
0.3204 1.249 0.2606 0.7247 0.8141 0.364391 0.492203 -0.790521
0.2564 1.1196 0.2484 0.6461 0.9445 -0.275399 -0.48909 -0.827601
0.3018 1.277 0.2744 0.6832 0.7873 0.048616 0.633931 -0.771813
0.1814 1.1384 0.2746 0.5709 0.9445 -0.293802 -0.36903 -0.881741
0.3018 1.277 0.2744 0.6832 0.7873 0.048616 0.633931 -0.771813
0.2564 1.1196 0.2484 0.6461 0.9445 -0.275399 -0.48909 -0.827601
0.1814 1.1384 0.2746 0.5709 0.9445 -0.293802 -0.36903 -0.881741
0.2158 1.2976 0.3094 0.5996 0.7873 0.068972 0.927427 -0.367534
0.3018 1.277 0.2744 0.6832 0.7873 0.048616 0.633931 -0.771813
0.1814 1.1384 0.2746 0.5709 0.9445 -0.293802 -0.36903 -0.881741
0.073 1.3134 0.3376 0.4609 0.7873 -0.000183 0.860164 -0.509964
0.2158 1.2976 0.3094 0.5996 0.7873 0.068972 0.927427 -0.367534
0.1814 1.1384 0.2746 0.5709 0.9445 -0.293802 -0.36903 -0.881741
0.0612 1.1524 0.2954 0.4512 0.9445 -0.068239 -0.501358 -0.862514
0.073 1.3134 0.3376 0.4609 0.7873 -0.000183 0.860164 -0.509964
0.0612 1.1524 0.2954 0.4512 0.9445 -0.068239 -0.501358 -0.862514
-0.0732 1.3134 0.3376 0.32 0.7873 0.001221 0.864406 -0.502762
0.073 1.3134 0.3376 0.4609 0.7873 -0.000183 0.860164 -0.509964
0.0612 1.1524 0.2954 0.4512 0.9445 -0.068239 -0.501358 -0.862514
-0.0614 1.1524 0.2954 0.3297 0.9445 0.14127 -0.502976 -0.852657
-0.0732 1.3134 0.3376 0.32 0.7873 0.001221 0.864406 -0.502762
-0.0614 1.1524 0.2954 0.3297 0.9445 0.14127 -0.502976 -0.852657
-0.2158 1.2976 0.3094 0.1812 0.7873 0.003357 0.8558 -0.517228
-0.0732 1.3134 0.3376 0.32 0.7873 0.001221 0.864406 -0.502762
-0.0614 1.1524 0.2954 0.3297 0.9445 0.14127 -0.502976 -0.852657
-0.1814 1.1384 0.2746 0.21 0.9445 0.340922 -0.495285 -0.799005
-0.2158 1.2976 0.3094 0.1812 0.7873 0.003357 0.8558 -0.517228
-0.3018 1.277 0.2744 0.0976 0.7873 -0.104312 0.779077 -0.618152
-0.2158 1.2976 0.3094 0.1812 0.7873 0.003357 0.8558 -0.517228
-0.1814 1.1384 0.2746 0.21 0.9445 0.340922 -0.495285 -0.799005
-0.3018 1.277 0.2744 0.0976 0.7873 -0.104312 0.779077 -0.618152
-0.1814 1.1384 0.2746 0.21 0.9445 0.340922 -0.495285 -0.799005
-0.2564 1.1196 0.2484 0.1349 0.9445 0.245949 -0.313211 -0.917264
-0.2564 1.1196 0.2484 0.1349 0.9445 0.245949 -0.313211 -0.917264
-0.322 1.2496 0.2602 0.0537 0.811 -0.356029 0.502731 -0.787683
-0.3018 1.277 0.2744 0.0976 0.7873 -0.104312 0.779077 -0.618152
-0.2564 1.1196 0.2484 0.1349 0.9445 0.245949 -0.313211 -0.917264
-0.2844 1.131 0.2424 0.0847 0.9257 -0.09592 -0.399487 -0.911679
-0.322 1.2496 0.2602 0.0537 0.811 -0.356029 0.502731 -0.787683
-0.2844 1.131 0.2424 0.0847 0.9257 -0.09592 -0.399487 -0.911679
-0.327 1.2042 0.2474 0.0492 0.8544 -0.583026 0.158208 -0.796869
-0.322 1.2496 0.2602 0.0537 0.811 -0.356029 0.502731 -0.787683
-0.2844 1.131 0.2424 0.0847 0.9257 -0.09592 -0.399487 -0.911679
-0.3126 1.1622 0.2418 0.061 0.895 -0.68276 -0.370159 -0.629902
-0.327 1.2042 0.2474 0.0492 0.8544 -0.583026 0.158208 -0.796869
-0.3418 1.1948 0.283 0.6631 0.6557 -0.951353 -0.22541 0.209876
-0.3262 1.1524 0.2778 0.6487 0.6928 -0.851619 -0.521073 0.056734
-0.2976 1.121 0.2786 0.6225 0.7193 -0.606342 -0.687582 0.399396
-0.3418 1.1948 0.283 0.6631 0.6557 -0.951353 -0.22541 0.209876
-0.2976 1.121 0.2786 0.6225 0.7193 -0.606342 -0.687582 0.399396
-0.337 1.24 0.2956 0.6589 0.6146 -0.86874 0.081393 0.488479
-0.337 1.24 0.2956 0.6589 0.6146 -0.86874 0.081393 0.488479
-0.2976 1.121 0.2786 0.6225 0.7193 -0.606342 -0.687582 0.399396
-0.2692 1.1094 0.2844 0.5784 0.7291 -0.181585 -0.91464 0.361156
-0.337 1.24 0.2956 0.6589 0.6146 -0.86874 0.081393 0.488479
-0.2692 1.1094 0.2844 0.5784 0.7291 -0.181585 -0.91464 0.361156
-0.317 1.267 0.3096 0.6223 0.5866 -0.6657 0.367138 0.649617
-0.317 1.267 0.3096 0.6223 0.5866 -0.6657 0.367138 0.649617
-0.2692 1.1094 0.2844 0.5784 0.7291 -0.181585 -0.91464 0.361156
-0.1894 1.1282 0.3122 0.5059 0.7291 -0.030549 -0.858608 0.511704
-0.317 1.267 0.3096 0.6223 0.5866 -0.6657 0.367138 0.649617
-0.1894 1.1282 0.3122 0.5059 0.7291 -0.030549 -0.858608 0.511704
-0.2254 1.2878 0.3466 0.5377 0.5866 -0.315928 0.500198 0.806207
-0.064 1.1422 0.3336 0.3951 0.7291 -0.035096 -0.863887 0.502396
-0.2254 1.2878 0.3466 0.5377 0.5866 -0.315928 0.500198 0.806207
-0.1894 1.1282 0.3122 0.5059 0.7291 -0.030549 -0.858608 0.511704
-0.064 1.1422 0.3336 0.3951 0.7291 -0.035096 -0.863887 0.502396
-0.0764 1.3032 0.3758 0.4055 0.5866 -0.108371 0.504044 0.856838
-0.2254 1.2878 0.3466 0.5377 0.5866 -0.315928 0.500198 0.806207
0.064 1.1422 0.3336 0.283 0.7291 -0.039155 -0.860286 0.508225
-0.0764 1.3032 0.3758 0.4055 0.5866 -0.108371 0.504044 0.856838
-0.064 1.1422 0.3336 0.3951 0.7291 -0.035096 -0.863887 0.502396
0.064 1.1422 0.3336 0.283 0.7291 -0.039155 -0.860286 0.508225
0.0764 1.3032 0.3758 0.2718 0.5866 0.104434 0.503098 0.857875
-0.0764 1.3032 0.3758 0.4055 0.5866 -0.108371 0.504044 0.856838
0.1894 1.1282 0.3122 0.1723 0.7291 0.029542 -0.770837 0.636311
0.0764 1.3032 0.3758 0.2718 0.5866 0.104434 0.503098 0.857875
0.064 1.1422 0.3336 0.283 0.7291 -0.039155 -0.860286 0.508225
0.1894 1.1282 0.3122 0.1723 0.7291 0.029542 -0.770837 0.636311
0.2254 1.2878 0.3466 0.1397 0.5866 0.292428 0.655599 0.696158
0.0764 1.3032 0.3758 0.2718 0.5866 0.104434 0.503098 0.857875
0.317 1.267 0.3096 0.0553 0.5866 0.641346 0.498642 0.583056
0.2254 1.2878 0.3466 0.1397 0.5866 0.292428 0.655599 0.696158
0.1894 1.1282 0.3122 0.1723 0.7291 0.029542 -0.770837 0.636311
0.317 1.267 0.3096 0.0553 0.5866 0.641346 0.498642 0.583056
0.1894 1.1282 0.3122 0.1723 0.7291 0.029542 -0.770837 0.636311
0.2692 1.1094 0.2844 0.0999 0.7291 0.286355 -0.837031 0.466201
0.3354 1.2394 0.296 0.0231 0.612 0.869198 0.089419 0.486251
0.317 1.267 0.3096 0.0553 0.5866 0.641346 0.498642 0.583056
0.2692 1.1094 0.2844 0.0999 0.7291 0.286355 -0.837031 0.466201
0.3354 1.2394 0.296 0.0231 0.612 0.869198 0.089419 0.486251
0.2692 1.1094 0.2844 0.0999 0.7291 0.286355 -0.837031 0.466201
0.2974 1.121 0.2786 0.0587 0.7159 0.605274 -0.688437 0.399579
0.3418 1.195 0.283 0.0176 0.6525 0.885739 -0.181921 0.426954
0.3354 1.2394 0.296 0.0231 0.612 0.869198 0.089419 0.486251
0.2974 1.121 0.2786 0.0587 0.7159 0.605274 -0.688437 0.399579
0.3418 1.195 0.283 0.0176 0.6525 0.885739 -0.181921 0.426954
0.2974 1.121 0.2786 0.0587 0.7159 0.605274 -0.688437 0.399579
0.326 1.1522 0.2778 0.0324 0.6897 0.888668 -0.447676 -0.099155
-0.2394 1.1608 0.2966 0.8728 0.0197 -0.012238 -0.107883 0.994079
-0.1902 0.6412 0.236 0.8482 0.6423 0.60564 -0.044465 0.794488
-0.2256 1.163 0.2922 0.8498 0.0197 0.855312 0.002197 0.518082
-0.2394 1.1608 0.2966 0.8728 0.0197 -0.012238 -0.107883 0.994079
-0.204 0.639 0.2404 0.8712 0.6423 -0.38084 -0.124516 0.916196
-0.1902 0.6412 0.236 0.8482 0.6423 0.60564 -0.044465 0.794488
-0.2504 1.161 0.2868 0.8958 0.0197 -0.86877 -0.110904 0.482589
-0.204 0.639 0.2404 0.8712 0.6423 -0.38084 -0.124516 0.916196
-0.2394 1.1608 0.2966 0.8728 0.0197 -0.012238 -0.107883 0.994079
-0.2504 1.161 0.2868 0.8958 0.0197 -0.86877 -0.110904 0.482589
-0.215 0.6392 0.2306 0.8942 0.6424 -0.988525 -0.080782 0.127598
-0.204 0.639 0.2404 0.8712 0.6423 -0.38084 -0.124516 0.916196
-0.2476 1.1636 0.2726 0.9188 0.0197 -0.859432 -0.003235 -0.511216
-0.215 0.6392 0.2306 0.8942 0.6424 -0.988525 -0.080782 0.127598
-0.2504 1.161 0.2868 0.8958 0.0197 -0.86877 -0.110904 0.482589
-0.2476 1.1636 0.2726 0.9188 0.0197 -0.859432 -0.003235 -0.511216
-0.2122 0.6416 0.2164 0.9172 0.6424 -0.60625 0.044374 -0.794031
-0.215 0.6392 0.2306 0.8942 0.6424 -0.988525 -0.080782 0.127598
-0.2336 1.1658 0.2682 0.9418 0.0197 0.015748 0.108066 -0.993988
-0.2122 0.6416 0.2164 0.9172 0.6424 -0.60625 0.044374 -0.794031
-0.2476 1.1636 0.2726 0.9188 0.0197 -0.859432 -0.003235 -0.511216
-0.2336 1.1658 0.2682 0.9418 0.0197 0.015748 0.108066 -0.993988
-0.1982 0.6438 0.212 0.9402 0.6425 0.382519 0.124516 -0.915494
-0.2122 0.6416 0.2164 0.9172 0.6424 -0.60625 0.044374 -0.794031
-0.2226 1.1654 0.278 0.9647 0.0197 0.870846 0.11063 -0.478927
-0.1982 0.6438 0.212 0.9402 0.6425 0.382519 0.124516 -0.915494
-0.2336 1.1658 0.2682 0.9418 0.0197 0.015748 0.108066 -0.993988
-0.2226 1.1654 0.278 0.9647 0.0197 0.870846 0.11063 -0.478927
-0.1872 0.6436 0.2218 0.9632 0.6426 0.989715 0.079897 -0.118412
-0.1982 0.6438 0.212 0.9402 0.6425 0.382519 0.124516 -0.915494
-0.2256 1.163 0.2922 0.9877 0.0198 0.855312 0.002197 0.518082
-0.1872 0.6436 0.2218 0.9632 0.6426 0.989715 0.079897 -0.118412
-0.2226 1.1654 0.278 0.9647 0.0197 0.870846 0.11063 -0.478927
-0.2256 1.163 0.2922 0.9877 0.0198 0.855312 0.002197 0.518082
-0.1902 0.6412 0.236 0.9862 0.6426 0.60564 -0.044465 0.794488
-0.1872 0.6436 0.2218 0.9632 0.6426 0.989715 0.079897 -0.118412
-0.1204 1.1608 0.3278 0.8728 0.0197 0.199774 -0.11774 0.972716
-0.0938 0.6408 0.2544 0.8482 0.6423 0.760704 -0.061403 0.646168
-0.1078 1.1626 0.3206 0.8498 0.0197 0.9447 -0.016175 0.327464
-0.1204 1.1608 0.3278 0.8728 0.0197 0.199774 -0.11774 0.972716
-0.1064 0.6388 0.2618 0.8712 0.6423 -0.181371 -0.128269 0.975005
-0.0938 0.6408 0.2544 0.8482 0.6423 0.760704 -0.061403 0.646168
-0.1332 1.1614 0.3206 0.8958 0.0197 -0.754234 -0.102359 0.648549
-0.1064 0.6388 0.2618 0.8712 0.6423 -0.181371 -0.128269 0.975005
-0.1204 1.1608 0.3278 0.8728 0.0197 0.199774 -0.11774 0.972716
-0.1332 1.1614 0.3206 0.8958 0.0197 -0.754234 -0.102359 0.648549
-0.1192 0.6396 0.2544 0.8942 0.6424 -0.945128 -0.06592 0.319895
-0.1064 0.6388 0.2618 0.8712 0.6423 -0.181371 -0.128269 0.975005
-0.1332 1.164 0.3062 0.9188 0.0197 -0.945952 0.015687 -0.323862
-0.1192 0.6396 0.2544 0.8942 0.6424 -0.945128 -0.06592 0.319895
-0.1332 1.1614 0.3206 0.8958 0.0197 -0.754234 -0.102359 0.648549
-0.1332 1.164 0.3062 0.9188 0.0197 -0.945952 0.015687 -0.323862
-0.1192 0.642 0.24 0.9172 0.6424 -0.761071 0.061342 -0.645741
-0.1192 0.6396 0.2544 0.8942 0.6424 -0.945128 -0.06592 0.319895
-0.1206 1.166 0.2988 0.9418 0.0197 -0.196509 0.117924 -0.973357
-0.1192 0.642 0.24 0.9172 0.6424 -0.761071 0.061342 -0.645741
-0.1332 1.164 0.3062 0.9188 0.0197 -0.945952 0.015687 -0.323862
-0.1206 1.166 0.2988 0.9418 0.0197 -0.196509 0.117924 -0.973357
-0.1066 0.644 0.2328 0.9402 0.6425 0.184637 0.128269 -0.974395
-0.1192 0.642 0.24 0.9172 0.6424 -0.761071 0.061342 -0.645741
-0.1078 1.1652 0.3062 0.9647 0.0197 0.754234 0.102359 -0.648549
-0.1066 0.644 0.2328 0.9402 0.6425 0.184637 0.128269 -0.974395
-0.1206 1.166 0.2988 0.9418 0.0197 -0.196509 0.117924 -0.973357
-0.1078 1.1652 0.3062 0.9647 0.0197 0.754234 0.102359 -0.648549
-0.0938 0.6434 0.24 0.9632 0.6426 0.943937 0.066347 -0.323344
-0.1066 0.644 0.2328 0.9402 0.6425 0.184637 0.128269 -0.974395
-0.1078 1.1626 0.3206 0.9877 0.0198 0.9447 -0.016175 0.327464
-0.0938 0.6434 0.24 0.9632 0.6426 0.943937 0.066347 -0.323344
-0.1078 1.1652 0.3062 0.9647 0.0197 0.754234 0.102359 -0.648549
-0.1078 1.1626 0.3206 0.9877 0.0198 0.9447 -0.016175 0.327464
-0.0938 0.6408 0.2544 0.9862 0.6426 0.760704 -0.061403 0.646168
-0.0938 0.6434 0.24 0.9632 0.6426 0.943937 0.066347 -0.323344
-0.0008 1.1616 0.3302 0.8728 0.0197 0.192236 -0.11655 0.974364
0.0118 0.6402 0.2604 0.8482 0.6423 0.759453 -0.077212 0.645955
0.0118 1.163 0.3228 0.8498 0.0197 0.946226 -0.038331 0.321207
-0.0008 1.1616 0.3302 0.8728 0.0197 0.192236 -0.11655 0.974364
-0.0008 0.639 0.2676 0.8712 0.6423 -0.189184 -0.116642 0.974975
0.0118 0.6402 0.2604 0.8482 0.6423 0.759453 -0.077212 0.645955
-0.0136 1.163 0.3228 0.8958 0.0197 -0.756249 -0.07767 0.649617
-0.0008 0.639 0.2676 0.8712 0.6423 -0.189184 -0.116642 0.974975
-0.0008 1.1616 0.3302 0.8728 0.0197 0.192236 -0.11655 0.974364
-0.0136 1.163 0.3228 0.8958 0.0197 -0.756249 -0.07767 0.649617
-0.0136 0.6402 0.2604 0.8942 0.6424 -0.944365 -0.038972 0.326548
-0.0008 0.639 0.2676 0.8712 0.6423 -0.189184 -0.116642 0.974975
-0.0136 1.1654 0.3084 0.9188 0.0197 -0.945433 0.038728 -0.323435
-0.0136 0.6402 0.2604 0.8942 0.6424 -0.944365 -0.038972 0.326548
-0.0136 1.163 0.3228 0.8958 0.0197 -0.756249 -0.07767 0.649617
-0.0136 1.1654 0.3084 0.9188 0.0197 -0.945433 0.038728 -0.323435
-0.0136 0.6426 0.2458 0.9172 0.6424 -0.755913 0.0777 -0.649983
-0.0136 0.6402 0.2604 0.8942 0.6424 -0.944365 -0.038972 0.326548
-0.0008 1.1666 0.301 0.9418 0.0197 -0.18543 0.116581 -0.975707
-0.0136 0.6426 0.2458 0.9172 0.6424 -0.755913 0.0777 -0.649983
-0.0136 1.1654 0.3084 0.9188 0.0197 -0.945433 0.038728 -0.323435
-0.0008 1.1666 0.301 0.9418 0.0197 -0.18543 0.116581 -0.975707
-0.0008 0.6438 0.2386 0.9402 0.6425 0.19541 0.116337 -0.973785
-0.0136 0.6426 0.2458 0.9172 0.6424 -0.755913 0.0777 -0.649983
0.0118 1.1654 0.3084 0.9647 0.0197 0.759117 0.077242 -0.646321
-0.0008 0.6438 0.2386 0.9402 0.6425 0.19541 0.116337 -0.973785
-0.0008 1.1666 0.301 0.9418 0.0197 -0.18543 0.116581 -0.975707
0.0118 1.1654 0.3084 0.9647 0.0197 0.759117 0.077242 -0.646321
0.0118 0.6426 0.2458 0.9632 0.6426 0.945006 0.038881 -0.324717
-0.0008 0.6438 0.2386 0.9402 0.6425 0.19541 0.116337 -0.973785
0.0118 1.163 0.3228 0.9877 0.0198 0.946226 -0.038331 0.321207
0.0118 0.6426 0.2458 0.9632 0.6426 0.945006 0.038881 -0.324717
0.0118 1.1654 0.3084 0.9647 0.0197 0.759117 0.077242 -0.646321
0.0118 1.163 0.3228 0.9877 0.0198 0.946226 -0.038331 0.321207
0.0118 0.6402 0.2604 0.9862 0.6426 0.759453 -0.077212 0.645955
0.0118 0.6426 0.2458 0.9632 0.6426 0.945006 0.038881 -0.324717
0.1248 1.1608 0.3278 0.8728 0.0197 -0.197333 -0.117801 0.973205
0.1122 1.1626 0.3206 0.8498 0.0197 -0.946287 -0.015351 0.322947
0.098 0.6408 0.2544 0.8482 0.6423 -0.76162 -0.061037 0.6451
0.1248 1.1608 0.3278 0.8728 0.0197 -0.197333 -0.117801 0.973205
0.098 0.6408 0.2544 0.8482 0.6423 -0.76162 -0.061037 0.6451
0.1108 0.6388 0.2618 0.8712 0.6423 0.185705 -0.128361 0.974181
0.1376 1.1614 0.3206 0.8958 0.0197 0.755852 -0.10239 0.646657
0.1248 1.1608 0.3278 0.8728 0.0197 -0.197333 -0.117801 0.973205
0.1108 0.6388 0.2618 0.8712 0.6423 0.185705 -0.128361 0.974181
0.1376 1.1614 0.3206 0.8958 0.0197 0.755852 -0.10239 0.646657
0.1108 0.6388 0.2618 0.8712 0.6423 0.185705 -0.128361 0.974181
0.1234 0.6396 0.2544 0.8942 0.6424 0.944182 -0.066469 0.322611
0.1376 1.164 0.3062 0.9188 0.0197 0.947508 0.014924 -0.319315
0.1376 1.1614 0.3206 0.8958 0.0197 0.755852 -0.10239 0.646657
0.1234 0.6396 0.2544 0.8942 0.6424 0.944182 -0.066469 0.322611
0.1376 1.164 0.3062 0.9188 0.0197 0.947508 0.014924 -0.319315
0.1234 0.6396 0.2544 0.8942 0.6424 0.944182 -0.066469 0.322611
0.1236 0.642 0.24 0.9172 0.6424 0.763604 0.060884 -0.642781
0.125 1.166 0.2988 0.9418 0.0197 0.196509 0.117924 -0.973357
0.1376 1.164 0.3062 0.9188 0.0197 0.947508 0.014924 -0.319315
0.1236 0.642 0.24 0.9172 0.6424 0.763604 0.060884 -0.642781
0.125 1.166 0.2988 0.9418 0.0197 0.196509 0.117924 -0.973357
0.1236 0.642 0.24 0.9172 0.6424 0.763604 0.060884 -0.642781
0.111 0.644 0.2328 0.9402 0.6425 -0.184637 0.128269 -0.974395
0.1122 1.1652 0.3062 0.9647 0.0197 -0.754234 0.102359 -0.648549
0.125 1.166 0.2988 0.9418 0.0197 0.196509 0.117924 -0.973357
0.111 0.644 0.2328 0.9402 0.6425 -0.184637 0.128269 -0.974395
0.1122 1.1652 0.3062 0.9647 0.0197 -0.754234 0.102359 -0.648549
0.111 0.644 0.2328 0.9402 0.6425 -0.184637 0.128269 -0.974395
0.0982 0.6434 0.24 0.9632 0.6426 -0.94232 0.067019 -0.327921
0.1122 1.1626 0.3206 0.9877 0.0198 -0.946287 -0.015351 0.322947
0.1122 1.1652 0.3062 0.9647 0.0197 -0.754234 0.102359 -0.648549
0.0982 0.6434 0.24 0.9632 0.6426 -0.94232 0.067019 -0.327921
0.1122 1.1626 0.3206 0.9877 0.0198 -0.946287 -0.015351 0.322947
0.0982 0.6434 0.24 0.9632 0.6426 -0.94232 0.067019 -0.327921
0.098 0.6408 0.2544 0.9862 0.6426 -0.76162 -0.061037 0.6451
0.2494 1.1608 0.2966 0.8728 0.0197 0.012238 -0.107883 0.994079
0.2356 1.163 0.2922 0.8498 0.0197 -0.855312 0.002197 0.518082
0.2002 0.6412 0.236 0.8482 0.6423 -0.60564 -0.044465 0.794488
0.2494 1.1608 0.2966 0.8728 0.0197 0.012238 -0.107883 0.994079
0.2002 0.6412 0.236 0.8482 0.6423 -0.60564 -0.044465 0.794488
0.214 0.639 0.2404 0.8712 0.6423 0.38084 -0.124516 0.916196
0.2604 1.161 0.2868 0.8958 0.0197 0.870632 -0.11066 0.479293
0.2494 1.1608 0.2966 0.8728 0.0197 0.012238 -0.107883 0.994079
0.214 0.639 0.2404 0.8712 0.6423 0.38084 -0.124516 0.916196
0.2604 1.161 0.2868 0.8958 0.0197 0.870632 -0.11066 0.479293
0.214 0.639 0.2404 0.8712 0.6423 0.38084 -0.124516 0.916196
0.225 0.6392 0.2306 0.8942 0.6424 0.989746 -0.079867 0.118229
0.2574 1.1636 0.2726 0.9188 0.0197 0.85519 -0.002197 -0.518265
0.2604 1.161 0.2868 0.8958 0.0197 0.870632 -0.11066 0.479293
0.225 0.6392 0.2306 0.8942 0.6424 0.989746 -0.079867 0.118229
0.2574 1.1636 0.2726 0.9188 0.0197 0.85519 -0.002197 -0.518265
0.225 0.6392 0.2306 0.8942 0.6424 0.989746 -0.079867 0.118229
0.222 0.6416 0.2164 0.9172 0.6424 0.60564 0.044435 -0.794488
0.2436 1.1658 0.2682 0.9418 0.0197 -0.012726 0.107883 -0.994079
0.2574 1.1636 0.2726 0.9188 0.0197 0.85519 -0.002197 -0.518265
0.222 0.6416 0.2164 0.9172 0.6424 0.60564 0.044435 -0.794488
0.2436 1.1658 0.2682 0.9418 0.0197 -0.012726 0.107883 -0.994079
0.222 0.6416 0.2164 0.9172 0.6424 0.60564 0.044435 -0.794488
0.2082 0.6438 0.212 0.9402 0.6425 -0.38139 0.124485 -0.915983
0.2326 1.1654 0.278 0.9647 0.0197 -0.870846 0.11063 -0.478927
0.2436 1.1658 0.2682 0.9418 0.0197 -0.012726 0.107883 -0.994079
0.2082 0.6438 0.212 0.9402 0.6425 -0.38139 0.124485 -0.915983
0.2326 1.1654 0.278 0.9647 0.0197 -0.870846 0.11063 -0.478927
0.2082 0.6438 0.212 0.9402 0.6425 -0.38139 0.124485 -0.915983
0.1972 0.6436 0.2218 0.9632 0.6426 -0.989715 0.079897 -0.118412
0.2356 1.163 0.2922 0.9877 0.0198 -0.855312 0.002197 0.518082
0.2326 1.1654 0.278 0.9647 0.0197 -0.870846 0.11063 -0.478927
0.1972 0.6436 0.2218 0.9632 0.6426 -0.989715 0.079897 -0.118412
0.2356 1.163 0.2922 0.9877 0.0198 -0.855312 0.002197 0.518082
0.1972 0.6436 0.2218 0.9632 0.6426 -0.989715 0.079897 -0.118412
0.2002 0.6412 0.236 0.9862 0.6426 -0.60564 -0.044465 0.794488
-0.1894 0.649 -0.3388 0.0863 0.1357 -0.315439 0.712607 -0.626606
-0.2396 0.649 -0.3012 0.1178 0.0938 -0.709769 0.246223 -0.659963
-0.2732 0.649 -0.2488 0.1604 0.0641 -0.501022 0.83459 -0.228858
-0.1894 0.649 -0.3388 0.0863 0.1357 -0.315439 0.712607 -0.626606
-0.2732 0.649 -0.2488 0.1604 0.0641 -0.501022 0.83459 -0.228858
-0.121 0.649 -0.3592 0.0666 0.1927 -0.170232 0.601062 -0.780816
-0.2998 0.649 -0.1586 0.2348 0.0404 -0.697348 0.713248 -0.070101
-0.121 0.649 -0.3592 0.0666 0.1927 -0.170232 0.601062 -0.780816
-0.2732 0.649 -0.2488 0.1604 0.0641 -0.501022 0.83459 -0.228858
-0.2998 0.649 -0.1586 0.2348 0.0404 -0.697348 0.713248 -0.070101
-0.0028 0.649 -0.3758 0.0506 0.2913 3.1e-05 0.896146 -0.443709
-0.121 0.649 -0.3592 0.0666 0.1927 -0.170232 0.601062 -0.780816
-0.2998 0.649 -0.1586 0.2348 0.0404 -0.697348 0.713248 -0.070101
-0.0028 0.649 -0.0064 0.3631 0.2913 0 1 -0
-0.0028 0.649 -0.3758 0.0506 0.2913 3.1e-05 0.896146 -0.443709
0.294 0.649 -0.1586 0.2348 0.5422 0.697348 0.713218 -0.070559
-0.0028 0.649 -0.3758 0.0506 0.2913 3.1e-05 0.896146 -0.443709
-0.0028 0.649 -0.0064 0.3631 0.2913 0 1 -0
0.294 0.649 -0.1586 0.2348 0.5422 0.697348 0.713218 -0.070559
0.1152 0.649 -0.3592 0.0666 0.3899 0.170324 0.601062 -0.780816
-0.0028 0.649 -0.3758 0.0506 0.2913 3.1e-05 0.896146 -0.443709
0.294 0.649 -0.1586 0.2348 0.5422 0.697348 0.713218 -0.070559
0.2674 0.649 -0.2488 0.1604 0.5186 0.501022 0.83459 -0.228858
0.1152 0.649 -0.3592 0.0666 0.3899 0.170324 0.601062 -0.780816
0.1836 0.649 -0.3388 0.0863 0.4469 0.315439 0.712607 -0.626606
0.1152 0.649 -0.3592 0.0666 0.3899 0.170324 0.601062 -0.780816
0.2674 0.649 -0.2488 0.1604 0.5186 0.501022 0.83459 -0.228858
0.1836 0.649 -0.3388 0.0863 0.4469 0.315439 0.712607 -0.626606
0.2674 0.649 -0.2488 0.1604 0.5186 0.501022 0.83459 -0.228858
0.2338 0.649 -0.3012 0.1178 0.4888 0.709769 0.246223 -0.659963
-0.2998 0.649 -0.1586 0.2348 0.0404 -0.697348 0.713248 -0.070101
-0.2866 0.649 -0.0062 0.3636 0.0493 -0.831263 0.555681 -0.013337
-0.0028 0.649 -0.0064 0.3631 0.2913 0 1 -0
-0.2984 0.649 0.169 0.5109 0.0428 -0.41377 0.903745 0.109561
-0.0028 0.649 -0.0064 0.3631 0.2913 0 1 -0
-0.2866 0.649 -0.0062 0.3636 0.0493 -0.831263 0.555681 -0.013337
-0.2984 0.649 0.169 0.5109 0.0428 -0.41377 0.903745 0.109561
-0.0028 0.649 0.287 0.6107 0.2913 0 0.707602 0.706565
-0.0028 0.649 -0.0064 0.3631 0.2913 0 1 -0
0.2926 0.649 0.169 0.5109 0.5398 0.4138 0.903714 0.109806
-0.0028 0.649 -0.0064 0.3631 0.2913 0 1 -0
-0.0028 0.649 0.287 0.6107 0.2913 0 0.707602 0.706565
0.2926 0.649 0.169 0.5109 0.5398 0.4138 0.903714 0.109806
0.281 0.649 -0.0062 0.3636 0.5334 0.831294 0.55565 -0.013092
-0.0028 0.649 -0.0064 0.3631 0.2913 0 1 -0
0.294 0.649 -0.1586 0.2348 0.5422 0.697348 0.713218 -0.070559
-0.0028 0.649 -0.0064 0.3631 0.2913 0 1 -0
0.281 0.649 -0.0062 0.3636 0.5334 0.831294 0.55565 -0.013092
-0.1868 0.649 0.277 0.5988 0.1362 -0.276528 0.562578 0.779107
-0.0028 0.649 0.287 0.6107 0.2913 0 0.707602 0.706565
-0.2984 0.649 0.169 0.5109 0.0428 -0.41377 0.903745 0.109561
-0.1868 0.649 0.277 0.5988 0.1362 -0.276528 0.562578 0.779107
-0.2984 0.649 0.169 0.5109 0.0428 -0.41377 0.903745 0.109561
-0.2482 0.649 0.2448 0.5717 0.0859 -0.691488 0.324351 0.645436
0.181 0.649 0.277 0.5988 0.4464 0.276559 0.562578 0.779077
0.2926 0.649 0.169 0.5109 0.5398 0.4138 0.903714 0.109806
-0.0028 0.649 0.287 0.6107 0.2913 0 0.707602 0.706565
0.181 0.649 0.277 0.5988 0.4464 0.276559 0.562578 0.779077
0.2424 0.649 0.2448 0.5717 0.4968 0.691488 0.324351 0.645436
0.2926 0.649 0.169 0.5109 0.5398 0.4138 0.903714 0.109806
-0.2396 0.6126 -0.3012 0.117 0.4887 -0.513627 -0.71276 -0.477615
-0.1894 0.6126 -0.3388 0.0856 0.4469 -0.435774 -0.246132 -0.865719
-0.121 0.6126 -0.3592 0.0687 0.3898 -0.095035 -0.894925 -0.435957
-0.2396 0.6126 -0.3012 0.117 0.4887 -0.513627 -0.71276 -0.477615
-0.121 0.6126 -0.3592 0.0687 0.3898 -0.095035 -0.894925 -0.435957
-0.2732 0.6126 -0.2488 0.1607 0.5167 -0.811914 -0.450819 -0.370861
-0.121 0.6126 -0.3592 0.0687 0.3898 -0.095035 -0.894925 -0.435957
-0.2998 0.6126 -0.1586 0.236 0.5388 -0.438734 -0.897519 -0.044099
-0.2732 0.6126 -0.2488 0.1607 0.5167 -0.811914 -0.450819 -0.370861
-0.121 0.6126 -0.3592 0.0687 0.3898 -0.095035 -0.894925 -0.435957
-0.0028 0.6126 -0.3758 0.0548 0.2913 6.1e-05 -0.710532 -0.703635
-0.2998 0.6126 -0.1586 0.236 0.5388 -0.438734 -0.897519 -0.044099
-0.2998 0.6126 -0.1586 0.236 0.5388 -0.438734 -0.897519 -0.044099
-0.0028 0.6126 -0.3758 0.0548 0.2913 6.1e-05 -0.710532 -0.703635
-0.0028 0.6126 -0.0062 0.363 0.2913 0 -1 -0
-0.2998 0.6126 -0.1586 0.236 0.5388 -0.438734 -0.897519 -0.044099
-0.0028 0.6126 -0.0062 0.363 0.2913 0 -1 -0
-0.2866 0.6126 -0.0062 0.363 0.528 -0.70571 -0.708029 0.024842
-0.0028 0.6126 0.287 0.6075 0.2913 0 -0.94882 0.315806
-0.2866 0.6126 -0.0062 0.363 0.528 -0.70571 -0.708029 0.024842
-0.0028 0.6126 -0.0062 0.363 0.2913 0 -1 -0
-0.0028 0.6126 0.287 0.6075 0.2913 0 -0.94882 0.315806
-0.2984 0.6126 0.169 0.509 0.5377 -0.757897 -0.620716 0.200659
-0.2866 0.6126 -0.0062 0.363 0.528 -0.70571 -0.708029 0.024842
-0.2984 0.6126 0.169 0.509 0.5377 -0.757897 -0.620716 0.200659
-0.0028 0.6126 0.287 0.6075 0.2913 0 -0.94882 0.315806
-0.1868 0.6126 0.277 0.5991 0.4446 -0.161168 -0.562578 0.810846
-0.2984 0.6126 0.169 0.509 0.5377 -0.757897 -0.620716 0.200659
-0.1868 0.6126 0.277 0.5991 0.4446 -0.161168 -0.562578 0.810846
-0.2482 0.6126 0.2448 0.5722 0.4958 -0.571703 -0.324351 0.753594
0.294 0.6126 -0.1586 0.236 0.0438 0.438765 -0.897488 -0.044374
-0.0028 0.6126 -0.0062 0.363 0.2913 0 -1 -0
-0.0028 0.6126 -0.3758 0.0548 0.2913 6.1e-05 -0.710532 -0.703635
0.294 0.6126 -0.1586 0.236 0.0438 0.438765 -0.897488 -0.044374
0.281 0.6126 -0.0062 0.363 0.0547 0.705771 -0.707999 0.024506
-0.0028 0.6126 -0.0062 0.363 0.2913 0 -1 -0
-0.0028 0.6126 0.287 0.6075 0.2913 0 -0.94882 0.315806
-0.0028 0.6126 -0.0062 0.363 0.2913 0 -1 -0
0.281 0.6126 -0.0062 0.363 0.0547 0.705771 -0.707999 0.024506
-0.0028 0.6126 0.287 0.6075 0.2913 0 -0.94882 0.315806
0.281 0.6126 -0.0062 0.363 0.0547 0.705771 -0.707999 0.024506
0.2926 0.6126 0.169 0.509 0.0449 0.757836 -0.620655 0.201117
0.2926 0.6126 0.169 0.509 0.0449 0.757836 -0.620655 0.201117
0.181 0.6126 0.277 0.5991 0.138 0.161199 -0.562578 0.810846
-0.0028 0.6126 0.287 0.6075 0.2913 0 -0.94882 0.315806
0.2926 0.6126 0.169 0.509 0.0449 0.757836 -0.620655 0.201117
0.2424 0.6126 0.2448 0.5722 0.0868 0.571703 -0.324351 0.753594
0.181 0.6126 0.277 0.5991 0.138 0.161199 -0.562578 0.810846
0.1152 0.6126 -0.3592 0.0687 0.1928 0.095096 -0.894925 -0.435926
0.294 0.6126 -0.1586 0.236 0.0438 0.438765 -0.897488 -0.044374
-0.0028 0.6126 -0.3758 0.0548 0.2913 6.1e-05 -0.710532 -0.703635
0.1152 0.6126 -0.3592 0.0687 0.1928 0.095096 -0.894925 -0.435926
0.2674 0.6126 -0.2488 0.1607 0.0659 0.811914 -0.450819 -0.370861
0.294 0.6126 -0.1586 0.236 0.0438 0.438765 -0.897488 -0.044374
0.2338 0.6126 -0.3012 0.117 0.094 0.513627 -0.71276 -0.477615
0.2674 0.6126 -0.2488 0.1607 0.0659 0.811914 -0.450819 -0.370861
0.1152 0.6126 -0.3592 0.0687 0.1928 0.095096 -0.894925 -0.435926
0.2338 0.6126 -0.3012 0.117 0.094 0.513627 -0.71276 -0.477615
0.1152 0.6126 -0.3592 0.0687 0.1928 0.095096 -0.894925 -0.435926
0.1836 0.6126 -0.3388 0.0856 0.1358 0.435774 -0.246132 -0.865719
-0.2844 1.131 0.2424 0.0847 0.9257 -0.09592 -0.399487 -0.911679
-0.2564 1.1196 0.2484 0.1349 0.9445 0.245949 -0.313211 -0.917264
-0.2692 1.1094 0.2844 0.1264 0.9815 -0.181585 -0.91464 0.361156
-0.2844 1.131 0.2424 0.0847 0.9257 -0.09592 -0.399487 -0.911679
-0.2692 1.1094 0.2844 0.1264 0.9815 -0.181585 -0.91464 0.361156
-0.2976 1.121 0.2786 0.061 0.9529 -0.606342 -0.687582 0.399396
-0.3126 1.1622 0.2418 0.061 0.895 -0.68276 -0.370159 -0.629902
-0.2844 1.131 0.2424 0.0847 0.9257 -0.09592 -0.399487 -0.911679
-0.2976 1.121 0.2786 0.061 0.9529 -0.606342 -0.687582 0.399396
-0.3126 1.1622 0.2418 0.061 0.895 -0.68276 -0.370159 -0.629902
-0.2976 1.121 0.2786 0.061 0.9529 -0.606342 -0.687582 0.399396
-0.3262 1.1524 0.2778 0.0281 0.9114 -0.851619 -0.521073 0.056734
-0.3418 1.1948 0.283 0.0126 0.8578 -0.951353 -0.22541 0.209876
-0.3126 1.1622 0.2418 0.061 0.895 -0.68276 -0.370159 -0.629902
-0.3262 1.1524 0.2778 0.0281 0.9114 -0.851619 -0.521073 0.056734
-0.3418 1.1948 0.283 0.0126 0.8578 -0.951353 -0.22541 0.209876
-0.327 1.2042 0.2474 0.0492 0.8544 -0.583026 0.158208 -0.796869
-0.3126 1.1622 0.2418 0.061 0.895 -0.68276 -0.370159 -0.629902
-0.2692 1.1094 0.2844 0.1264 0.9815 -0.181585 -0.91464 0.361156
-0.2564 1.1196 0.2484 0.1349 0.9445 0.245949 -0.313211 -0.917264
-0.1814 1.1384 0.2746 0.21 0.9445 0.340922 -0.495285 -0.799005
-0.2692 1.1094 0.2844 0.1264 0.9815 -0.181585 -0.91464 0.361156
-0.1814 1.1384 0.2746 0.21 0.9445 0.340922 -0.495285 -0.799005
-0.1894 1.1282 0.3122 0.2142 0.9815 -0.030549 -0.858608 0.511704
-0.1894 1.1282 0.3122 0.2142 0.9815 -0.030549 -0.858608 0.511704
-0.1814 1.1384 0.2746 0.21 0.9445 0.340922 -0.495285 -0.799005
-0.0614 1.1524 0.2954 0.3297 0.9445 0.14127 -0.502976 -0.852657
-0.1894 1.1282 0.3122 0.2142 0.9815 -0.030549 -0.858608 0.511704
-0.0614 1.1524 0.2954 0.3297 0.9445 0.14127 -0.502976 -0.852657
-0.064 1.1422 0.3336 0.332 0.9815 -0.035096 -0.863887 0.502396
-0.064 1.1422 0.3336 0.332 0.9815 -0.035096 -0.863887 0.502396
-0.0614 1.1524 0.2954 0.3297 0.9445 0.14127 -0.502976 -0.852657
0.0612 1.1524 0.2954 0.4512 0.9445 -0.068239 -0.501358 -0.862514
-0.064 1.1422 0.3336 0.332 0.9815 -0.035096 -0.863887 0.502396
0.0612 1.1524 0.2954 0.4512 0.9445 -0.068239 -0.501358 -0.862514
0.064 1.1422 0.3336 0.4489 0.9815 -0.039155 -0.860286 0.508225
0.064 1.1422 0.3336 0.4489 0.9815 -0.039155 -0.860286 0.508225
0.0612 1.1524 0.2954 0.4512 0.9445 -0.068239 -0.501358 -0.862514
0.1814 1.1384 0.2746 0.5709 0.9445 -0.293802 -0.36903 -0.881741
0.064 1.1422 0.3336 0.4489 0.9815 -0.039155 -0.860286 0.508225
0.1814 1.1384 0.2746 0.5709 0.9445 -0.293802 -0.36903 -0.881741
0.1894 1.1282 0.3122 0.5667 0.9815 0.029542 -0.770837 0.636311
0.1894 1.1282 0.3122 0.5667 0.9815 0.029542 -0.770837 0.636311
0.1814 1.1384 0.2746 0.5709 0.9445 -0.293802 -0.36903 -0.881741
0.2564 1.1196 0.2484 0.6461 0.9445 -0.275399 -0.48909 -0.827601
0.1894 1.1282 0.3122 0.5667 0.9815 0.029542 -0.770837 0.636311
0.2564 1.1196 0.2484 0.6461 0.9445 -0.275399 -0.48909 -0.827601
0.2692 1.1094 0.2844 0.6546 0.9815 0.286355 -0.837031 0.466201
0.2692 1.1094 0.2844 0.6546 0.9815 0.286355 -0.837031 0.466201
0.2564 1.1196 0.2484 0.6461 0.9445 -0.275399 -0.48909 -0.827601
0.2844 1.131 0.2426 0.6948 0.9281 0.095187 -0.400616 -0.911252
0.2692 1.1094 0.2844 0.6546 0.9815 0.286355 -0.837031 0.466201
0.2844 1.131 0.2426 0.6948 0.9281 0.095187 -0.400616 -0.911252
0.2974 1.121 0.2786 0.7186 0.9554 0.605274 -0.688437 0.399579
0.2974 1.121 0.2786 0.7186 0.9554 0.605274 -0.688437 0.399579
0.2844 1.131 0.2426 0.6948 0.9281 0.095187 -0.400616 -0.911252
0.3126 1.162 0.2418 0.7185 0.8976 0.614124 -0.399792 -0.68041
0.2974 1.121 0.2786 0.7186 0.9554 0.605274 -0.688437 0.399579
0.3126 1.162 0.2418 0.7185 0.8976 0.614124 -0.399792 -0.68041
0.326 1.1522 0.2778 0.7515 0.9139 0.888668 -0.447676 -0.099155
0.326 1.1522 0.2778 0.7515 0.9139 0.888668 -0.447676 -0.099155
0.3126 1.162 0.2418 0.7185 0.8976 0.614124 -0.399792 -0.68041
0.327 1.2044 0.2474 0.7302 0.8569 0.668935 0.085818 -0.738334
0.326 1.1522 0.2778 0.7515 0.9139 0.888668 -0.447676 -0.099155
0.327 1.2044 0.2474 0.7302 0.8569 0.668935 0.085818 -0.738334
0.3418 1.195 0.283 0.7667 0.86 0.885739 -0.181921 0.426954
0.327 1.2044 0.2474 0.7302 0.8569 0.668935 0.085818 -0.738334
0.3354 1.2394 0.296 0.7595 0.8032 0.869198 0.089419 0.486251
0.3418 1.195 0.283 0.7667 0.86 0.885739 -0.181921 0.426954
0.327 1.2044 0.2474 0.7302 0.8569 0.668935 0.085818 -0.738334
0.3204 1.249 0.2606 0.7247 0.8141 0.364391 0.492203 -0.790521
0.3354 1.2394 0.296 0.7595 0.8032 0.869198 0.089419 0.486251
0.3204 1.249 0.2606 0.7247 0.8141 0.364391 0.492203 -0.790521
0.317 1.267 0.3096 0.7075 0.7538 0.641346 0.498642 0.583056
0.3354 1.2394 0.296 0.7595 0.8032 0.869198 0.089419 0.486251
0.3204 1.249 0.2606 0.7247 0.8141 0.364391 0.492203 -0.790521
0.3018 1.277 0.2744 0.6832 0.7873 0.048616 0.633931 -0.771813
0.317 1.267 0.3096 0.7075 0.7538 0.641346 0.498642 0.583056
0.317 1.267 0.3096 0.7075 0.7538 0.641346 0.498642 0.583056
0.3018 1.277 0.2744 0.6832 0.7873 0.048616 0.633931 -0.771813
0.2158 1.2976 0.3094 0.5996 0.7873 0.068972 0.927427 -0.367534
0.317 1.267 0.3096 0.7075 0.7538 0.641346 0.498642 0.583056
0.2158 1.2976 0.3094 0.5996 0.7873 0.068972 0.927427 -0.367534
0.2254 1.2878 0.3466 0.6101 0.7538 0.292428 0.655599 0.696158
0.2254 1.2878 0.3466 0.6101 0.7538 0.292428 0.655599 0.696158
0.2158 1.2976 0.3094 0.5996 0.7873 0.068972 0.927427 -0.367534
0.073 1.3134 0.3376 0.4609 0.7873 -0.000183 0.860164 -0.509964
0.2254 1.2878 0.3466 0.6101 0.7538 0.292428 0.655599 0.696158
0.073 1.3134 0.3376 0.4609 0.7873 -0.000183 0.860164 -0.509964
0.0764 1.3032 0.3758 0.464 0.7538 0.104434 0.503098 0.857875
0.0764 1.3032 0.3758 0.464 0.7538 0.104434 0.503098 0.857875
0.073 1.3134 0.3376 0.4609 0.7873 -0.000183 0.860164 -0.509964
-0.0732 1.3134 0.3376 0.32 0.7873 0.001221 0.864406 -0.502762
0.0764 1.3032 0.3758 0.464 0.7538 0.104434 0.503098 0.857875
-0.0732 1.3134 0.3376 0.32 0.7873 0.001221 0.864406 -0.502762
-0.0764 1.3032 0.3758 0.3168 0.7538 -0.108371 0.504044 0.856838
-0.0764 1.3032 0.3758 0.3168 0.7538 -0.108371 0.504044 0.856838
-0.0732 1.3134 0.3376 0.32 0.7873 0.001221 0.864406 -0.502762
-0.2158 1.2976 0.3094 0.1812 0.7873 0.003357 0.8558 -0.517228
-0.0764 1.3032 0.3758 0.3168 0.7538 -0.108371 0.504044 0.856838
-0.2158 1.2976 0.3094 0.1812 0.7873 0.003357 0.8558 -0.517228
-0.2254 1.2878 0.3466 0.1707 0.7538 -0.315928 0.500198 0.806207
-0.2254 1.2878 0.3466 0.1707 0.7538 -0.315928 0.500198 0.806207
-0.2158 1.2976 0.3094 0.1812 0.7873 0.003357 0.8558 -0.517228
-0.3018 1.277 0.2744 0.0976 0.7873 -0.104312 0.779077 -0.618152
-0.2254 1.2878 0.3466 0.1707 0.7538 -0.315928 0.500198 0.806207
-0.3018 1.277 0.2744 0.0976 0.7873 -0.104312 0.779077 -0.618152
-0.317 1.267 0.3096 0.0733 0.7538 -0.6657 0.367138 0.649617
-0.322 1.2496 0.2602 0.0537 0.811 -0.356029 0.502731 -0.787683
-0.317 1.267 0.3096 0.0733 0.7538 -0.6657 0.367138 0.649617
-0.3018 1.277 0.2744 0.0976 0.7873 -0.104312 0.779077 -0.618152
-0.322 1.2496 0.2602 0.0537 0.811 -0.356029 0.502731 -0.787683
-0.337 1.24 0.2956 0.0192 0.8004 -0.86874 0.081393 0.488479
-0.317 1.267 0.3096 0.0733 0.7538 -0.6657 0.367138 0.649617
-0.327 1.2042 0.2474 0.0492 0.8544 -0.583026 0.158208 -0.796869
-0.337 1.24 0.2956 0.0192 0.8004 -0.86874 0.081393 0.488479
-0.322 1.2496 0.2602 0.0537 0.811 -0.356029 0.502731 -0.787683
-0.327 1.2042 0.2474 0.0492 0.8544 -0.583026 0.158208 -0.796869
-0.3418 1.1948 0.283 0.0126 0.8578 -0.951353 -0.22541 0.209876
-0.337 1.24 0.2956 0.0192 0.8004 -0.86874 0.081393 0.488479
-0.2396 0.649 -0.3012 0.1178 0.0938 -0.709769 0.246223 -0.659963
-0.2396 0.6126 -0.3012 0.0969 0.0723 -0.513627 -0.71276 -0.477615
-0.2732 0.6126 -0.2488 0.1467 0.0372 -0.811914 -0.450819 -0.370861
-0.2396 0.649 -0.3012 0.1178 0.0938 -0.709769 0.246223 -0.659963
-0.2732 0.6126 -0.2488 0.1467 0.0372 -0.811914 -0.450819 -0.370861
-0.2732 0.649 -0.2488 0.1604 0.0641 -0.501022 0.83459 -0.228858
-0.2998 0.649 -0.1586 0.2348 0.0404 -0.697348 0.713248 -0.070101
-0.2732 0.649 -0.2488 0.1604 0.0641 -0.501022 0.83459 -0.228858
-0.2732 0.6126 -0.2488 0.1467 0.0372 -0.811914 -0.450819 -0.370861
-0.2998 0.649 -0.1586 0.2348 0.0404 -0.697348 0.713248 -0.070101
-0.2732 0.6126 -0.2488 0.1467 0.0372 -0.811914 -0.450819 -0.370861
-0.2998 0.6126 -0.1586 0.2303 0.011 -0.438734 -0.897519 -0.044099
-0.2998 0.649 -0.1586 0.2348 0.0404 -0.697348 0.713248 -0.070101
-0.2998 0.6126 -0.1586 0.2303 0.011 -0.438734 -0.897519 -0.044099
-0.2866 0.6126 -0.0062 0.3644 0.0174 -0.70571 -0.708029 0.024842
-0.2998 0.649 -0.1586 0.2348 0.0404 -0.697348 0.713248 -0.070101
-0.2866 0.6126 -0.0062 0.3644 0.0174 -0.70571 -0.708029 0.024842
-0.2866 0.649 -0.0062 0.3636 0.0493 -0.831263 0.555681 -0.013337
-0.2866 0.649 -0.0062 0.3636 0.0493 -0.831263 0.555681 -0.013337
-0.2866 0.6126 -0.0062 0.3644 0.0174 -0.70571 -0.708029 0.024842
-0.2984 0.6126 0.169 0.5201 0.0164 -0.757897 -0.620716 0.200659
-0.2866 0.649 -0.0062 0.3636 0.0493 -0.831263 0.555681 -0.013337
-0.2984 0.6126 0.169 0.5201 0.0164 -0.757897 -0.620716 0.200659
-0.2984 0.649 0.169 0.5109 0.0428 -0.41377 0.903745 0.109561
-0.2482 0.649 0.2448 0.5717 0.0859 -0.691488 0.324351 0.645436
-0.2984 0.649 0.169 0.5109 0.0428 -0.41377 0.903745 0.109561
-0.2984 0.6126 0.169 0.5201 0.0164 -0.757897 -0.620716 0.200659
-0.2482 0.649 0.2448 0.5717 0.0859 -0.691488 0.324351 0.645436
-0.2984 0.6126 0.169 0.5201 0.0164 -0.757897 -0.620716 0.200659
-0.2482 0.6126 0.2448 0.5933 0.0664 -0.571703 -0.324351 0.753594
-0.1868 0.649 0.277 0.5988 0.1362 -0.276528 0.562578 0.779107
-0.2482 0.649 0.2448 0.5717 0.0859 -0.691488 0.324351 0.645436
-0.2482 0.6126 0.2448 0.5933 0.0664 -0.571703 -0.324351 0.753594
-0.1868 0.649 0.277 0.5988 0.1362 -0.276528 0.562578 0.779107
-0.2482 0.6126 0.2448 0.5933 0.0664 -0.571703 -0.324351 0.753594
-0.1868 0.6126 0.277 0.6268 0.1272 -0.161168 -0.562578 0.810846
-0.0028 0.649 0.287 0.6107 0.2913 0 0.707602 0.706565
-0.1868 0.649 0.277 0.5988 0.1362 -0.276528 0.562578 0.779107
-0.1868 0.6126 0.277 0.6268 0.1272 -0.161168 -0.562578 0.810846
-0.0028 0.649 0.287 0.6107 0.2913 0 0.707602 0.706565
-0.1868 0.6126 0.277 0.6268 0.1272 -0.161168 -0.562578 0.810846
-0.0028 0.6126 0.287 0.6416 0.2913 0 -0.94882 0.315806
-0.0028 0.649 0.287 0.6107 0.2913 0 0.707602 0.706565
-0.0028 0.6126 0.287 0.6416 0.2913 0 -0.94882 0.315806
0.181 0.6126 0.277 0.6268 0.4554 0.161199 -0.562578 0.810846
-0.0028 0.649 0.287 0.6107 0.2913 0 0.707602 0.706565
0.181 0.6126 0.277 0.6268 0.4554 0.161199 -0.562578 0.810846
0.181 0.649 0.277 0.5988 0.4464 0.276559 0.562578 0.779077
0.181 0.649 0.277 0.5988 0.4464 0.276559 0.562578 0.779077
0.181 0.6126 0.277 0.6268 0.4554 0.161199 -0.562578 0.810846
0.2424 0.6126 0.2448 0.5933 0.5162 0.571703 -0.324351 0.753594
0.181 0.649 0.277 0.5988 0.4464 0.276559 0.562578 0.779077
0.2424 0.6126 0.2448 0.5933 0.5162 0.571703 -0.324351 0.753594
0.2424 0.649 0.2448 0.5717 0.4968 0.691488 0.324351 0.645436
0.2424 0.649 0.2448 0.5717 0.4968 0.691488 0.324351 0.645436
0.2424 0.6126 0.2448 0.5933 0.5162 0.571703 -0.324351 0.753594
0.2926 0.6126 0.169 0.5201 0.5663 0.757836 -0.620655 0.201117
0.2424 0.649 0.2448 0.5717 0.4968 0.691488 0.324351 0.645436
0.2926 0.6126 0.169 0.5201 0.5663 0.757836 -0.620655 0.201117
0.2926 0.649 0.169 0.5109 0.5398 0.4138 0.903714 0.109806
0.281 0.649 -0.0062 0.3636 0.5334 0.831294 0.55565 -0.013092
0.2926 0.649 0.169 0.5109 0.5398 0.4138 0.903714 0.109806
0.2926 0.6126 0.169 0.5201 0.5663 0.757836 -0.620655 0.201117
0.281 0.649 -0.0062 0.3636 0.5334 0.831294 0.55565 -0.013092
0.2926 0.6126 0.169 0.5201 0.5663 0.757836 -0.620655 0.201117
0.281 0.6126 -0.0062 0.3644 0.5652 0.705771 -0.707999 0.024506
0.294 0.649 -0.1586 0.2348 0.5422 0.697348 0.713218 -0.070559
0.281 0.649 -0.0062 0.3636 0.5334 0.831294 0.55565 -0.013092
0.281 0.6126 -0.0062 0.3644 0.5652 0.705771 -0.707999 0.024506
0.294 0.649 -0.1586 0.2348 0.5422 0.697348 0.713218 -0.070559
0.281 0.6126 -0.0062 0.3644 0.5652 0.705771 -0.707999 0.024506
0.294 0.6126 -0.1586 0.2303 0.5716 0.438765 -0.897488 -0.044374
0.294 0.649 -0.1586 0.2348 0.5422 0.697348 0.713218 -0.070559
0.294 0.6126 -0.1586 0.2303 0.5716 0.438765 -0.897488 -0.044374
0.2674 0.6126 -0.2488 0.1467 0.5454 0.811914 -0.450819 -0.370861
0.294 0.649 -0.1586 0.2348 0.5422 0.697348 0.713218 -0.070559
0.2674 0.6126 -0.2488 0.1467 0.5454 0.811914 -0.450819 -0.370861
0.2674 0.649 -0.2488 0.1604 0.5186 0.501022 0.83459 -0.228858
0.2338 0.649 -0.3012 0.1178 0.4888 0.709769 0.246223 -0.659963
0.2674 0.649 -0.2488 0.1604 0.5186 0.501022 0.83459 -0.228858
0.2674 0.6126 -0.2488 0.1467 0.5454 0.811914 -0.450819 -0.370861
0.2338 0.649 -0.3012 0.1178 0.4888 0.709769 0.246223 -0.659963
0.2674 0.6126 -0.2488 0.1467 0.5454 0.811914 -0.450819 -0.370861
0.2338 0.6126 -0.3012 0.0969 0.5103 0.513627 -0.71276 -0.477615
0.2338 0.649 -0.3012 0.1178 0.4888 0.709769 0.246223 -0.659963
0.2338 0.6126 -0.3012 0.0969 0.5103 0.513627 -0.71276 -0.477615
0.1836 0.6126 -0.3388 0.0601 0.4614 0.435774 -0.246132 -0.865719
0.2338 0.649 -0.3012 0.1178 0.4888 0.709769 0.246223 -0.659963
0.1836 0.6126 -0.3388 0.0601 0.4614 0.435774 -0.246132 -0.865719
0.1836 0.649 -0.3388 0.0863 0.4469 0.315439 0.712607 -0.626606
0.1836 0.6126 -0.3388 0.0601 0.4614 0.435774 -0.246132 -0.865719
0.1152 0.649 -0.3592 0.0666 0.3899 0.170324 0.601062 -0.780816
0.1836 0.649 -0.3388 0.0863 0.4469 0.315439 0.712607 -0.626606
0.1836 0.6126 -0.3388 0.0601 0.4614 0.435774 -0.246132 -0.865719
0.1152 0.6126 -0.3592 0.0368 0.398 0.095096 -0.894925 -0.435926
0.1152 0.649 -0.3592 0.0666 0.3899 0.170324 0.601062 -0.780816
0.1152 0.649 -0.3592 0.0666 0.3899 0.170324 0.601062 -0.780816
0.1152 0.6126 -0.3592 0.0368 0.398 0.095096 -0.894925 -0.435926
-0.0028 0.6126 -0.3758 0.0206 0.2913 6.1e-05 -0.710532 -0.703635
0.1152 0.649 -0.3592 0.0666 0.3899 0.170324 0.601062 -0.780816
-0.0028 0.6126 -0.3758 0.0206 0.2913 6.1e-05 -0.710532 -0.703635
-0.0028 0.649 -0.3758 0.0506 0.2913 3.1e-05 0.896146 -0.443709
-0.121 0.649 -0.3592 0.0666 0.1927 -0.170232 0.601062 -0.780816
-0.0028 0.649 -0.3758 0.0506 0.2913 3.1e-05 0.896146 -0.443709
-0.0028 0.6126 -0.3758 0.0206 0.2913 6.1e-05 -0.710532 -0.703635
-0.121 0.649 -0.3592 0.0666 0.1927 -0.170232 0.601062 -0.780816
-0.0028 0.6126 -0.3758 0.0206 0.2913 6.1e-05 -0.710532 -0.703635
-0.121 0.6126 -0.3592 0.0368 0.1846 -0.095035 -0.894925 -0.435957
-0.1894 0.6126 -0.3388 0.0601 0.1212 -0.435774 -0.246132 -0.865719
-0.121 0.649 -0.3592 0.0666 0.1927 -0.170232 0.601062 -0.780816
-0.121 0.6126 -0.3592 0.0368 0.1846 -0.095035 -0.894925 -0.435957
-0.1894 0.6126 -0.3388 0.0601 0.1212 -0.435774 -0.246132 -0.865719
-0.1894 0.649 -0.3388 0.0863 0.1357 -0.315439 0.712607 -0.626606
-0.121 0.649 -0.3592 0.0666 0.1927 -0.170232 0.601062 -0.780816
-0.2396 0.649 -0.3012 0.1178 0.0938 -0.709769 0.246223 -0.659963
-0.1894 0.649 -0.3388 0.0863 0.1357 -0.315439 0.712607 -0.626606
-0.1894 0.6126 -0.3388 0.0601 0.1212 -0.435774 -0.246132 -0.865719
-0.2396 0.649 -0.3012 0.1178 0.0938 -0.709769 0.246223 -0.659963
-0.1894 0.6126 -0.3388 0.0601 0.1212 -0.435774 -0.246132 -0.865719
-0.2396 0.6126 -0.3012 0.0969 0.0723 -0.513627 -0.71276 -0.477615
