Vertex Count: 576

Data:

1.23445 0.708735 0.189154 1.58779e-30 7.00649e-45 8.40779e-45 6.26153e+33 6.26153e+33
1.23445 0.708735 0.189154 -4.22017e+37 7.95895e-41 -4.22017e+37 -1.9984e+18 -0.108512
-0.497009 0.708735 0.197386 5.60519e-45 4.2039e-45 6.26181e+33 1.32519e-38 6.26182e+33
-2.22846 0.708735 0.189154 0 1.32562e-38 1.02167e-39 6.24491e-39 1.32553e-38
-2.22846 0.708735 0.189154 -4.22017e+37 7.95895e-41 -4.22017e+37 -1.9984e+18 -0.108512
-0.497009 0.708735 0.197386 1.32565e-38 1.32565e-38 1.02167e-39 6.24491e-39 1.32553e-38
-0.497009 1.18623 -0.5217 0 3.36312e-43 9.91837e-39 1.5134e-43 -9.91352e-14
-0.497009 1.18623 -0.5217 -4.22017e+37 7.95895e-41 7.49933e-41 1.32523e-38 1.32577e-38
-0.497009 0.708735 -0.529932 -4.22017e+37 7.95895e-41 8.40779e-45 6.26153e+33 6.26153e+33
-0.497009 0.231236 -0.5217 3.87643e-34 1.32561e-38 -4.22017e+37 -1.9984e+18 -0.108512
-0.497009 0.231236 -0.5217 -4.22017e+37 7.95895e-41 7.49933e-41 1.32523e-38 1.32577e-38
-0.497009 0.708735 -0.529932 1.32467e-38 1.32466e-38 -4.22017e+37 -1.9984e+18 -0.108512
1.82521 1.18623 -0.166273 3.87643e-34 1.3256e-38 1.02167e-39 6.24491e-39 1.32553e-38
1.82521 1.18623 -0.166273 -4.22017e+37 7.95895e-41 9.91837e-39 1.5134e-43 -9.91352e-14
1.82761 0.708735 -0.166273 1.32467e-38 1.32466e-38 9.91837e-39 1.5134e-43 -9.91352e-14
1.82521 0.231235 -0.166273 1.58779e-30 7.00649e-45 6.26181e+33 1.32519e-38 6.26182e+33
1.82521 0.231235 -0.166273 -4.22017e+37 7.95895e-41 9.91837e-39 1.5134e-43 -9.91352e-14
1.82761 0.708735 -0.166273 5.60519e-45 4.2039e-45 6.26181e+33 1.32519e-38 6.26182e+33
1.23445 0.025098 -0.166273 0 1.32562e-38 -4.22017e+37 -1.9984e+18 -0.108512
1.23445 0.025098 -0.166273 -4.22017e+37 7.95895e-41 3.87643e-34 6.26181e+33 1.32518e-38
-0.497009 0.016809 -0.166273 1.32565e-38 1.32565e-38 1.02167e-39 6.24491e-39 1.32553e-38
-2.22846 0.025098 -0.166273 0 3.36312e-43 8.40779e-45 6.26153e+33 6.26153e+33
-2.22846 0.025098 -0.166273 -4.22017e+37 7.95895e-41 3.87643e-34 6.26181e+33 1.32518e-38
-0.497009 0.016809 -0.166273 -4.22017e+37 7.95895e-41 8.40779e-45 6.26153e+33 6.26153e+33
-2.81922 0.231236 -0.166273 3.87643e-34 1.32561e-38 6.26181e+33 1.32519e-38 6.26182e+33
-2.81922 0.231236 -0.166273 -4.22017e+37 7.95895e-41 6.26181e+33 1.32519e-38 6.26182e+33
-2.82162 0.708735 -0.166273 1.32467e-38 1.32466e-38 -4.22017e+37 -1.9984e+18 -0.108512
-2.81922 1.18623 -0.166273 3.87643e-34 1.3256e-38 9.91837e-39 1.5134e-43 -9.91352e-14
-2.81922 1.18623 -0.166273 -4.22017e+37 7.95895e-41 6.26181e+33 1.32519e-38 6.26182e+33
-2.82162 0.708735 -0.166273 1.32467e-38 1.32466e-38 9.91837e-39 1.5134e-43 -9.91352e-14
1.23445 1.39237 -0.166273 1.58779e-30 7.00649e-45 8.40779e-45 6.26153e+33 6.26153e+33
1.23445 1.39237 -0.166273 -4.22017e+37 7.95895e-41 1.32519e-38 1.7602e+27 1.83179e+27
-0.497009 1.40066 -0.166273 5.60519e-45 4.2039e-45 6.26181e+33 1.32519e-38 6.26182e+33
-2.22846 1.39237 -0.166273 0 1.32562e-38 1.02167e-39 6.24491e-39 1.32553e-38
-2.22846 1.39237 -0.166273 -4.22017e+37 7.95895e-41 1.32519e-38 1.7602e+27 1.83179e+27
-0.497009 1.40066 -0.166273 1.32565e-38 1.32565e-38 1.02167e-39 6.24491e-39 1.32553e-38
-0.497009 1.18623 0.189154 0 1.32562e-38 7.49933e-41 1.32523e-38 1.32577e-38
-0.497009 1.18623 0.189154 -4.22017e+37 7.95895e-41 1.02167e-39 6.24491e-39 1.32553e-38
-0.497009 1.36751 0.164457 -4.22017e+37 7.95895e-41 6.26181e+33 1.32519e-38 6.26182e+33
-0.497009 1.39237 0.06531 1.58779e-30 7.00649e-45 -4.22017e+37 -1.9984e+18 -0.108512
-0.497009 1.39237 0.06531 -4.22017e+37 7.95895e-41 1.02167e-39 6.24491e-39 1.32553e-38
-0.497009 1.36751 0.164457 3.87643e-34 1.32561e-38 1.02167e-39 6.24491e-39 1.32553e-38
-2.81122 0.233999 0.161713 -4.22017e+37 7.95895e-41 9.91837e-39 1.5134e-43 -9.91352e-14
-2.81122 0.233999 0.161713 -4.22017e+37 7.95895e-41 2.57143e-39 1.32554e-38 7.93129e-40
-2.81202 0.708735 0.164457 0 3.36312e-43 1.02167e-39 6.24491e-39 1.32553e-38
-2.81122 1.18347 0.161713 0 1.32562e-38 0 3.37713e-43 -4.22017e+37
-2.81122 1.18347 0.161713 -4.22017e+37 7.95895e-41 2.57143e-39 1.32554e-38 7.93129e-40
-2.81202 0.708735 0.164457 1.32467e-38 1.32466e-38 3.87643e-34 6.26181e+33 1.32518e-38
-2.81922 1.18623 -0.166273 1.32467e-38 1.32466e-38 1.32519e-38 1.7602e+27 1.83179e+27
-2.81922 1.18623 -0.166273 -4.22017e+37 7.95895e-41 8.40779e-45 6.26153e+33 6.26153e+33
-2.81202 1.36751 -0.166273 1.32467e-38 1.32466e-38 3.87643e-34 6.26181e+33 1.32518e-38
-2.22846 1.39237 -0.166273 5.60519e-45 4.2039e-45 6.26181e+33 1.32519e-38 6.26182e+33
-2.22846 1.39237 -0.166273 -4.22017e+37 7.95895e-41 8.40779e-45 6.26153e+33 6.26153e+33
-2.81202 1.36751 -0.166273 1.58779e-30 7.00649e-45 2.57143e-39 1.32554e-38 7.93129e-40
1.23365 1.36474 -0.494259 1.32467e-38 1.32466e-38 1.02167e-39 6.24491e-39 1.32553e-38
1.23365 1.36474 -0.494259 -4.22017e+37 7.95895e-41 5.57983e+19 0 0
-0.497009 1.36751 -0.497003 3.87643e-34 1.32561e-38 8.40779e-45 6.26153e+33 6.26153e+33
-2.22766 1.36474 -0.494259 0 3.36312e-43 7.49933e-41 1.32523e-38 1.32577e-38
-2.22766 1.36474 -0.494259 -4.22017e+37 7.95895e-41 5.57983e+19 0 0
-0.497009 1.36751 -0.497003 5.60519e-45 4.2039e-45 2.57143e-39 1.32554e-38 7.93129e-40
-2.22846 0.708735 -0.5217 0 3.36312e-43 0 3.37713e-43 -4.22017e+37
-2.22846 0.708735 -0.5217 -4.22017e+37 7.95895e-41 1.32466e-38 1.32466e-38 1.32466e-38
-2.81202 0.708736 -0.497003 1.32565e-38 1.32565e-38 -4.22017e+37 -1.9984e+18 -0.108512
-2.81922 0.708735 -0.397856 3.87643e-34 1.32561e-38 8.40779e-45 6.26153e+33 6.26153e+33
-2.81922 0.708735 -0.397856 -4.22017e+37 7.95895e-41 1.32466e-38 1.32466e-38 1.32466e-38
-2.81202 0.708736 -0.497003 0 3.36312e-43 9.91837e-39 1.5134e-43 -9.91352e-14
1.23445 0.708735 -0.5217 3.87643e-34 1.32561e-38 7.49933e-41 1.32523e-38 1.32577e-38
1.23445 0.708735 -0.5217 -4.22017e+37 7.95895e-41 0 1.00101e-38 5.51947e+33
1.818 0.708735 -0.497003 -4.22017e+37 7.95895e-41 8.40779e-45 6.26153e+33 6.26153e+33
1.82521 0.708735 -0.397856 3.87643e-34 1.3256e-38 -4.22017e+37 -1.9984e+18 -0.108512
1.82521 0.708735 -0.397856 -4.22017e+37 7.95895e-41 0 1.00101e-38 5.51947e+33
1.818 0.708735 -0.497003 3.87643e-34 1.32561e-38 6.26181e+33 1.32519e-38 6.26182e+33
1.82521 0.231235 -0.166273 1.32467e-38 1.32466e-38 3.87643e-34 6.26181e+33 1.32518e-38
1.82521 0.231235 -0.166273 -4.22017e+37 7.95895e-41 0 0 1.32481e-38
1.818 0.049965 -0.166273 1.32467e-38 1.32466e-38 1.32519e-38 1.7602e+27 1.83179e+27
1.23445 0.025098 -0.166273 5.60519e-45 4.2039e-45 9.91837e-39 1.5134e-43 -9.91352e-14
1.23445 0.025098 -0.166273 -4.22017e+37 7.95895e-41 0 0 1.32481e-38
1.818 0.049965 -0.166273 3.87643e-34 1.3256e-38 2.57143e-39 1.32554e-38 7.93129e-40
1.8172 1.18347 0.161713 1.32467e-38 1.32466e-38 6.26181e+33 1.32519e-38 6.26182e+33
1.8172 1.18347 0.161713 -4.22017e+37 7.95895e-41 1.3252e-38 1.32456e-38 1.32525e-38
1.818 0.708735 0.164457 0 1.32562e-38 6.26181e+33 1.32519e-38 6.26182e+33
1.8172 0.233999 0.161713 1.58779e-30 7.00649e-45 2.57143e-39 1.32554e-38 7.93129e-40
1.8172 0.233999 0.161713 -4.22017e+37 7.95895e-41 1.3252e-38 1.32456e-38 1.32525e-38
1.818 0.708735 0.164457 1.32467e-38 1.32466e-38 1.32519e-38 1.7602e+27 1.83179e+27
-0.497009 0.231236 -0.5217 -4.22017e+37 7.95895e-41 2.57143e-39 1.32554e-38 7.93129e-40
-0.497009 0.231236 -0.5217 -4.22017e+37 7.95895e-41 1.7602e+27 0 2.37137e+24
-0.497009 0.049965 -0.497003 5.60519e-45 4.2039e-45 7.49933e-41 1.32523e-38 1.32577e-38
-0.497009 0.025098 -0.397856 0 1.32562e-38 1.02167e-39 6.24491e-39 1.32553e-38
-0.497009 0.025098 -0.397856 -4.22017e+37 7.95895e-41 1.7602e+27 0 2.37137e+24
-0.497009 0.049965 -0.497003 0 1.32562e-38 8.40779e-45 6.26153e+33 6.26153e+33
1.8172 1.36474 0.062565 1.58779e-30 7.00649e-45 2.57143e-39 1.32554e-38 7.93129e-40
1.8172 1.36474 0.062565 -4.22017e+37 7.95895e-41 7.90918e-38 3.29497e-35 0
1.818 1.36751 -0.166273 1.58779e-30 7.00649e-45 9.91837e-39 1.5134e-43 -9.91352e-14
1.8172 1.36474 -0.395112 3.87643e-34 1.3256e-38 1.32519e-38 1.7602e+27 1.83179e+27
1.8172 1.36474 -0.395112 -4.22017e+37 7.95895e-41 7.90918e-38 3.29497e-35 0
1.818 1.36751 -0.166273 0 1.32562e-38 6.26181e+33 1.32519e-38 6.26182e+33
1.23365 0.052728 0.161712 5.60519e-45 4.2039e-45 8.40779e-45 6.26153e+33 6.26153e+33
1.23365 0.052728 0.161712 -4.22017e+37 7.95895e-41 0 2.8026e-45 0
-0.497009 0.049965 0.164457 1.32565e-38 1.32565e-38 1.32519e-38 1.7602e+27 1.83179e+27
-2.22766 0.052728 0.161712 5.60519e-45 4.2039e-45 8.40779e-45 6.26153e+33 6.26153e+33
-2.22766 0.052728 0.161712 -4.22017e+37 7.95895e-41 0 2.8026e-45 0
-0.497009 0.049965 0.164457 1.32565e-38 1.32565e-38 0 3.37713e-43 -4.22017e+37
-2.22846 0.025098 -0.166273 1.32565e-38 1.32565e-38 3.87643e-34 6.26181e+33 1.32518e-38
-2.22846 0.025098 -0.166273 -4.22017e+37 7.95895e-41 0 -0.000425783 2.48092e-32
-2.81202 0.049965 -0.166273 1.32467e-38 1.32466e-38 0 3.37713e-43 -4.22017e+37
-2.81922 0.231236 -0.166273 -4.22017e+37 7.95895e-41 9.91837e-39 1.5134e-43 -9.91352e-14
-2.81922 0.231236 -0.166273 -4.22017e+37 7.95895e-41 0 -0.000425783 2.48092e-32
-2.81202 0.049965 -0.166273 3.87643e-34 1.3256e-38 7.49933e-41 1.32523e-38 1.32577e-38
1.23365 1.36474 -0.494259 1.32565e-38 1.32565e-38 -4.22017e+37 -1.9984e+18 -0.108512
1.23365 1.36474 -0.494259 -4.22017e+37 7.95895e-41 1.32512e-38 1.33062e-38 1.7625e+27
1.8148 1.35645 -0.486027 0 3.36312e-43 6.26181e+33 1.32519e-38 6.26182e+33
1.23365 0.052728 -0.494259 0 1.32562e-38 3.87643e-34 6.26181e+33 1.32518e-38
1.8172 1.36474 -0.395112 -4.22017e+37 7.95895e-41 7.3428e-43 2.8026e-45 1.4013e-45
1.8148 1.35645 -0.486027 -4.22017e+37 7.95895e-41 3.87643e-34 6.26181e+33 1.32518e-38
1.8172 0.233998 -0.494259 3.87643e-34 1.32561e-38 1.02167e-39 6.24491e-39 1.32553e-38
1.8172 0.233998 -0.494259 -4.22017e+37 7.95895e-41 7.3428e-43 2.8026e-45 1.4013e-45
1.8148 0.061017 -0.486027 3.87643e-34 1.3256e-38 6.26181e+33 1.32519e-38 6.26182e+33
-2.81122 1.36474 -0.395112 1.32467e-38 1.32466e-38 0 3.37713e-43 -4.22017e+37
-2.81122 1.36474 -0.395112 -4.22017e+37 7.95895e-41 3.08286e-43 -4.22017e+37 -4.2201e+37
-2.80882 1.35645 -0.486027 0 1.32562e-38 2.57143e-39 1.32554e-38 7.93129e-40
-2.81122 1.18347 0.161713 3.87643e-34 1.3256e-38 6.26181e+33 1.32519e-38 6.26182e+33
-2.22766 1.36474 -0.494259 -4.22017e+37 7.95895e-41 1.01023e-38 -1.03485e-07 7.49933e-41
-2.80882 1.35645 -0.486027 0 3.36312e-43 0 3.37713e-43 -4.22017e+37
-2.22766 1.36474 0.161713 0 1.32562e-38 3.87643e-34 6.26181e+33 1.32518e-38
-2.22766 1.36474 0.161713 -4.22017e+37 7.95895e-41 1.01023e-38 -1.03485e-07 7.49933e-41
-2.80882 1.35645 0.15348 1.32467e-38 1.32466e-38 1.02167e-39 6.24491e-39 1.32553e-38
1.8172 0.233999 0.161713 1.58779e-30 7.00649e-45 9.91837e-39 1.5134e-43 -9.91352e-14
1.8172 0.233999 0.161713 -4.22017e+37 7.95895e-41 1.32987e-38 1.32921e-38 -1.9984e+18
1.8148 0.061017 0.15348 -4.22017e+37 7.95895e-41 1.32519e-38 1.7602e+27 1.83179e+27
-2.81122 0.233999 0.161713 5.60519e-45 4.2039e-45 7.49933e-41 1.32523e-38 1.32577e-38
1.23365 0.052728 0.161712 -4.22017e+37 7.95895e-41 -1.9984e+18 -1.9984e+18 -1.9984e+18
1.8148 0.061017 0.15348 1.32467e-38 1.32466e-38 1.02167e-39 6.24491e-39 1.32553e-38
-2.81122 0.052728 0.062565 -4.22017e+37 7.95895e-41 9.91837e-39 1.5134e-43 -9.91352e-14
-2.81122 0.052728 0.062565 -4.22017e+37 7.95895e-41 -1.9984e+18 -1.9984e+18 -1.9984e+18
-2.80882 0.061017 0.15348 3.87643e-34 1.32561e-38 0 3.37713e-43 -4.22017e+37
-2.22766 0.052728 -0.494259 -4.22017e+37 7.95895e-41 8.40779e-45 6.26153e+33 6.26153e+33
-2.22766 0.052728 -0.494259 -4.22017e+37 7.95895e-41 -1.9984e+18 -1.9984e+18 -1.9984e+18
-2.80882 0.061017 -0.486027 3.87643e-34 1.3256e-38 8.40779e-45 6.26153e+33 6.26153e+33
1.8172 1.18347 0.161713 1.32467e-38 1.32466e-38 -4.22017e+37 -1.9984e+18 -0.108512
-2.81122 0.052728 -0.395112 -4.22017e+37 7.95895e-41 -1.9984e+18 -1.9984e+18 -1.9984e+18
-2.80882 0.061017 -0.486027 1.32565e-38 1.32565e-38 7.49933e-41 1.32523e-38 1.32577e-38
1.8172 1.36474 0.062565 1.32467e-38 1.32466e-38 6.26181e+33 1.32519e-38 6.26182e+33
1.8172 1.36474 0.062565 -4.22017e+37 7.95895e-41 -1.9984e+18 -1.9984e+18 -1.9984e+18
1.8148 1.35645 0.15348 -4.22017e+37 7.95895e-41 1.32519e-38 1.7602e+27 1.83179e+27
1.22625 0.701967 0.17005 1.01939e-38 1.01939e-38 -1.9984e+18 -1.9984e+18 6.01853e-36
1.22625 0.701967 0.17005 -4.22017e+37 7.95895e-41 0 0 0
-0.498964 0.701967 0.178109 7.2551e-39 7.62247e-39 1.32515e-38 1.32469e-38 3.27115e+35
-2.22418 0.701967 0.17005 1.05612e-38 1.02857e-38 -1.9984e+18 -1.9984e+18 -1.9984e+18
-2.22418 0.701967 0.17005 -4.22017e+37 7.95895e-41 0 0 0
-0.498964 0.701967 0.178109 5.32655e-39 7.98982e-39 1.13822e-12 0 0
-0.498964 1.17084 -0.516099 9.45921e-39 8.9082e-39 -9.91352e-14 3.87643e-34 1.32514e-38
-0.498964 1.17084 -0.516099 -4.22017e+37 7.95895e-41 0 0 0
-0.498964 0.701967 -0.524158 6.15306e-39 8.44895e-39 -0.000106446 9.92369e-32 1.32525e-38
-0.498965 0.233092 -0.516099 8.90814e-39 9.1837e-39 -1.9984e+18 -1.9984e+18 -1.9984e+18
-0.498965 0.233092 -0.516099 -4.22017e+37 7.95895e-41 0 0 0
-0.498964 0.701967 -0.524158 9.64283e-39 9.27554e-39 0 5.60519e-45 0
1.81465 1.17084 -0.173024 7.80615e-39 9.27555e-39 1.32557e-38 3.30613e-39 1.32558e-38
1.81465 1.17084 -0.173024 -4.22017e+37 7.95895e-41 0 0 0
1.81701 0.701967 -0.173024 7.89796e-39 6.24492e-39 5.60519e-45 0 -2.59877e-08
1.81465 0.233092 -0.173024 1.01021e-38 8.44901e-39 1.32514e-38 1.32524e-38 1.74085e+27
1.81465 0.233092 -0.173024 -4.22017e+37 7.95895e-41 0 0 0
1.81701 0.701967 -0.173024 8.9082e-39 9.64289e-39 1.4013e-45 4.2039e-45 -1692.85
1.22625 0.030518 -0.173024 1.01939e-38 9.91839e-39 1.32521e-38 0 1.00101e-38
1.22625 0.030518 -0.173024 -4.22017e+37 7.95895e-41 0 0 0
-0.498965 0.022351 -0.173024 6.15311e-39 1.00102e-38 0 0 0
-2.22418 0.030518 -0.173024 6.50365e-27 1.33058e-38 6.2616e+33 5.57983e+19 0
-2.22418 0.030518 -0.173024 -4.22017e+37 7.95895e-41 0 0 0
-0.498965 0.022351 -0.173024 7.16327e-39 7.2551e-39 0 0 0
-2.81258 0.233093 -0.173024 7.84727e-44 2.42425e-43 2.37137e+24 7.90918e-38 3.50966e-24
-2.81258 0.233093 -0.173024 -4.22017e+37 7.95895e-41 0 0 0
-2.81493 0.701967 -0.173024 4.68376e-39 5.41836e-39 0 0 0
-2.81258 1.17084 -0.173024 1.15719e-41 4.2039e-45 1.32469e-38 0 0
-2.81258 1.17084 -0.173024 -4.22017e+37 7.95895e-41 0 0 0
-2.81493 0.701967 -0.173024 7.62247e-39 6.15306e-39 0 0 0
1.22625 1.37342 -0.173024 -nan 0 0 2.8026e-45 0
1.22625 1.37342 -0.173024 -4.22017e+37 7.95895e-41 0 0 0
-0.498964 1.38158 -0.173024 8.44898e-39 1.11122e-38 0 0 0
-2.22418 1.37342 -0.173024 7.49933e-41 1.32467e-38 0 0 -0.000106446
-2.22418 1.37342 -0.173024 -4.22017e+37 7.95895e-41 0 0 0
-0.498964 1.38158 -0.173024 9.27552e-39 5.41845e-39 0 0 0
1.22547 0.057743 0.143185 1.06531e-38 9.27554e-39 6.2616e+33 5.57983e+19 0
1.22547 0.057743 0.143185 -4.22017e+37 7.95895e-41 0 0 0
-0.498965 0.055021 0.145871 5.32655e-39 7.98982e-39 0 2.37137e+24 7.90918e-38
-2.2234 0.057743 0.143185 7.98982e-39 1.01021e-38 -1.9984e+18 -1.9984e+18 6.01853e-36
-2.2234 0.057743 0.143185 -4.22017e+37 7.95895e-41 0 0 0
-0.498965 0.055021 0.145871 6.15311e-39 1.00102e-38 0 0 0
-0.498964 1.17084 0.17005 1.05612e-38 1.02857e-38 3.9937e-43 2.8026e-45 1.00893e-43
-0.498964 1.17084 0.17005 -4.22017e+37 7.95895e-41 0 0 0
-0.498964 1.34891 0.145872 9.64285e-39 9.1837e-39 1.32515e-38 1.32469e-38 3.27115e+35
-0.498964 1.37342 0.050029 -nan 0 1.32911e-38 1.3309e-38 3.28688e+35
-0.498964 1.37342 0.050029 -4.22017e+37 7.95895e-41 0 0 0
-0.498964 1.34891 0.145872 7.347e-39 1.09286e-38 0 0 0
-0.498965 0.233092 -0.516099 9.64283e-39 9.27554e-39 0 1.51339e+13 1.92046e+31
-0.498965 0.233092 -0.516099 -4.22017e+37 7.95895e-41 0 0 0
-0.498965 0.055021 -0.49192 9.55101e-39 9.91838e-39 1.32561e-38 1.26117e-44 0
-0.498965 0.030518 -0.396077 1.01939e-38 9.91839e-39 2.12997e-43 -4.22017e+37 1.32522e-38
-0.498965 0.030518 -0.396077 -4.22017e+37 7.95895e-41 0 0 0
-0.498965 0.055021 -0.49192 4.5001e-39 4.40817e-39 0 0 0
1.80681 1.16812 0.143185 1.02857e-38 5.41842e-39 1.32514e-38 1.32524e-38 1.74085e+27
1.80681 1.16812 0.143185 -4.22017e+37 7.95895e-41 0 0 0
1.8076 0.701967 0.145872 1.05613e-38 9.27555e-39 1.32515e-38 1.32469e-38 3.27115e+35
1.80681 0.235815 0.143185 1.01939e-38 1.01939e-38 -1.9984e+18 -1.9984e+18 -1.9984e+18
1.80681 0.235815 0.143185 -4.22017e+37 7.95895e-41 0 0 0
1.8076 0.701967 0.145872 7.89796e-39 6.24492e-39 6.30584e-44 5.65656e+33 0
-2.22418 0.701968 -0.516099 9.45921e-39 8.9082e-39 51.8402 6.04648e+28 4.54498e+30
-2.22418 0.701968 -0.516099 -4.22017e+37 7.95895e-41 0 0 0
-2.80552 0.701968 -0.49192 1.05613e-38 9.27555e-39 0 5.60519e-45 0
-2.81258 0.701968 -0.396077 7.84727e-44 2.42425e-43 4.54498e+30 2.72914e+17 2.8699e+32
-2.81258 0.701968 -0.396077 -4.22017e+37 7.95895e-41 0 0 0
-2.80552 0.701968 -0.49192 8.44894e-39 1.02857e-38 0 0 0
1.81465 0.233092 -0.173024 9.73469e-39 1.01021e-38 9.09188e-39 -0.108512 7.49807e-41
1.81465 0.233092 -0.173024 -4.22017e+37 7.95895e-41 0 0 0
1.8076 0.055021 -0.173024 7.62246e-39 8.44897e-39 6.30584e-44 5.65656e+33 0
1.22625 0.030518 -0.173024 1.06531e-38 9.27554e-39 5.51145e-11 9.31857e-39 -4.22017e+37
1.22625 0.030518 -0.173024 -4.22017e+37 7.95895e-41 0 0 0
1.8076 0.055021 -0.173024 8.44895e-39 1.04694e-38 0 5.65656e+33 0
-2.22418 0.030518 -0.173024 0 0 1.5134e-43 -9.91352e-14 3.87643e-34
-2.22418 0.030518 -0.173024 -4.22017e+37 7.95895e-41 0 0 0
-2.80552 0.055021 -0.173024 8.9082e-39 2.93889e-39 0 0 0
-2.81258 0.233093 -0.173024 3.29866e+35 5.74532e-44 1.32477e-38 1.32514e-38 9.91837e-39
-2.81258 0.233093 -0.173024 -4.22017e+37 7.95895e-41 0 0 0
-2.80552 0.055021 -0.173024 9.27554e-39 8.44903e-39 0 -5.24818e-36 9.92366e-32
1.22625 0.701967 -0.516099 8.90814e-39 9.1837e-39 1.3248e-38 1.32519e-38 1.32468e-38
1.22625 0.701967 -0.516099 -4.22017e+37 7.95895e-41 0 0 0
1.8076 0.701967 -0.49192 1.01021e-38 1.06531e-38 -0.000106446 9.92369e-32 1.32525e-38
1.81465 0.701967 -0.396077 7.80615e-39 9.27555e-39 1.32518e-38 1.3248e-38 1.32519e-38
1.81465 0.701967 -0.396077 -4.22017e+37 7.95895e-41 0 0 0
1.8076 0.701967 -0.49192 5.32655e-39 7.34697e-39 1.4013e-45 4.2039e-45 -1692.85
-2.80474 0.235815 0.143185 3.29866e+35 5.74532e-44 1.32469e-38 0 0
-2.80474 0.235815 0.143185 -4.22017e+37 7.95895e-41 0 0 0
-2.80552 0.701967 0.145872 7.2551e-39 7.62247e-39 1.13822e-12 0 0
-2.80474 1.16812 0.143185 1.05612e-38 1.02857e-38 7.49793e-41 1.32987e-38 1.32921e-38
-2.80474 1.16812 0.143185 -4.22017e+37 7.95895e-41 0 0 0
-2.80552 0.701967 0.145872 4.68376e-39 5.41836e-39 0 0 0
1.22547 1.34619 -0.489234 5.73972e-42 0 0 0 -0.000106446
1.22547 1.34619 -0.489234 -4.22017e+37 7.95895e-41 0 0 0
-0.498964 1.34891 -0.49192 9.45921e-39 8.9082e-39 -0.000106446 9.92369e-32 1.32525e-38
-2.2234 1.34619 -0.489234 9.45921e-39 8.9082e-39 -1.9984e+18 9.91837e-39 1.5134e-43
-2.2234 1.34619 -0.489234 -4.22017e+37 7.95895e-41 0 0 0
-0.498964 1.34891 -0.49192 8.44898e-39 1.11122e-38 0 0 0
1.80681 1.34619 0.047342 -nan 0 9.92369e-32 1.3252e-38 1.3252e-38
1.80681 1.34619 0.047342 -4.22017e+37 7.95895e-41 0 0 0
1.8076 1.34891 -0.173024 6.15302e-39 1.04694e-38 5.60519e-45 0 -2.59877e-08
1.80681 1.34619 -0.393391 7.80615e-39 9.27555e-39 1.75511e+27 1.72192e-40 6.9796e-39
1.80681 1.34619 -0.393391 -4.22017e+37 7.95895e-41 0 0 0
1.8076 1.34891 -0.173024 1.00102e-38 4.59185e-39 0 0 0
-2.81258 1.17084 -0.173024 1.33338e-38 1.33338e-38 0 1.32453e-38 1.32481e-38
-2.81258 1.17084 -0.173024 -4.22017e+37 7.95895e-41 0 0 0
-2.80552 1.34891 -0.173024 5.96944e-39 1.02857e-38 0 0 0
-2.22418 1.37342 -0.173024 0 5.60519e-42 1.00101e-38 5.51947e+33 0
-2.22418 1.37342 -0.173024 -4.22017e+37 7.95895e-41 0 0 0
-2.80552 1.34891 -0.173024 8.90821e-39 6.97963e-39 0 0 0
1.22547 1.34619 0.143185 -nan 0 0 0 1.32526e-38
1.22547 1.34619 0.143185 -4.22017e+37 7.95895e-41 0 0 0
1.80446 1.33802 0.135126 5.32655e-39 7.98982e-39 1.32515e-38 1.32469e-38 3.27115e+35
1.80681 1.34619 -0.393391 5.73972e-42 0 1.32559e-38 7.93129e-40 8.40779e-45
1.80681 1.16812 0.143185 -4.22017e+37 7.95895e-41 0 0 0
1.80446 1.33802 0.135126 1.04694e-38 8.44903e-39 5.60519e-45 0 -2.59877e-08
1.80681 1.16812 -0.489234 7.80615e-39 9.27555e-39 1.32526e-38 1.32526e-38 0
1.80681 1.16812 -0.489234 -4.22017e+37 7.95895e-41 0 0 0
1.80446 1.33802 -0.481174 1.06531e-38 9.09184e-39 -0.000106446 9.92369e-32 1.32525e-38
1.80681 0.057743 -0.393391 9.73469e-39 1.01021e-38 1.3248e-38 1.32519e-38 1.32468e-38
1.80681 0.057743 -0.393391 -4.22017e+37 7.95895e-41 0 0 0
1.80446 0.065911 -0.481174 9.55101e-39 9.91838e-39 0 5.65656e+33 0
-2.2234 1.34619 -0.489234 7.49933e-41 1.32467e-38 0 1.32453e-38 1.32481e-38
1.22547 0.057743 -0.489234 -4.22017e+37 7.95895e-41 0 0 0
1.80446 0.065911 -0.481174 5.32655e-39 7.34697e-39 1.32561e-38 1.26117e-44 0
-2.80474 1.16812 -0.489234 9.45921e-39 8.9082e-39 6.2616e+33 6.2616e+33 6.43063e-09
-2.80474 1.16812 -0.489234 -4.22017e+37 7.95895e-41 0 0 0
-2.80239 1.33802 -0.481174 8.90821e-39 6.97963e-39 0 0 0
-2.2234 0.057743 0.143185 6.50365e-27 1.33058e-38 1.32477e-38 1.32514e-38 9.91837e-39
-2.2234 0.057743 0.143185 -4.22017e+37 7.95895e-41 0 0 0
-2.80239 0.065911 0.135126 1.04694e-38 1.00102e-38 1.13822e-12 0 0
-2.80474 1.16812 0.143185 1.15719e-41 4.2039e-45 1.00101e-38 5.51947e+33 0
-2.80474 0.235815 0.143185 -4.22017e+37 7.95895e-41 0 0 0
-2.80239 0.065911 0.135126 8.9082e-39 2.93889e-39 0 0 0
-2.2234 1.34619 0.143185 1.05612e-38 1.02857e-38 6.24491e-39 1.32559e-38 2.57143e-39
-2.2234 1.34619 0.143185 -4.22017e+37 7.95895e-41 0 0 0
-2.80239 1.33802 0.135126 5.96944e-39 1.02857e-38 0 0 0
1.80681 0.235815 0.143185 1.01021e-38 8.44901e-39 5.51145e-11 9.31857e-39 -4.22017e+37
1.80681 0.235815 0.143185 -4.22017e+37 7.95895e-41 0 0 0
1.80446 0.065911 0.135126 7.62247e-39 7.62248e-39 0 2.37137e+24 7.90918e-38
-2.80474 0.057743 -0.393391 0 0 0 1.51339e+13 1.92046e+31
1.22547 0.057743 0.143185 -4.22017e+37 7.95895e-41 0 0 0
1.80446 0.065911 0.135126 7.62246e-39 8.44897e-39 0 0 0
-2.80474 0.235815 -0.489234 7.84727e-44 2.42425e-43 1.5134e-43 -9.91352e-14 3.87643e-34
-2.80474 0.235815 -0.489234 -4.22017e+37 7.95895e-41 0 0 0
-2.80239 0.065911 -0.481174 4.5001e-39 4.40817e-39 0 5.60519e-45 0
