Vertex Count: 912

Data:

-0.154833 2.92837 0.087585 0.731796 0.898804 -0 -0.2486 -0.9686
-0.165175 2.97107 0.076625 0.709269 0.903996 -0 -0.2486 -0.9686
-0.15833 3.00267 0.068516 0.692604 0.90056 -0 -0.2486 -0.9686
-0.065478 2.92837 0.087585 0.731796 0.853947 -0 -0.1669 -0.986
-0.154833 2.92837 0.087585 0.731796 0.898804 -0 -0.2486 -0.9686
-0.15833 3.00267 0.068516 0.692604 0.90056 -0 -0.2486 -0.9686
-0.129238 3.01675 0.137688 0.282982 0.400597 -0 0.4782 0.8782
-0.158419 3.00273 0.145321 0.267095 0.396185 -0 0.4782 0.8782
-0.165175 2.97107 0.162561 0.259818 0.379893 -0 0.4782 0.8782
-0.086883 3.01675 0.137688 0.303587 0.396038 -0 0.4782 0.8782
-0.129238 3.01675 0.137688 0.282982 0.400597 -0 0.4782 0.8782
-0.165175 2.97107 0.162561 0.259818 0.379893 -0 0.4782 0.8782
-0.154833 2.92837 -0.185814 0.389152 0.636654 0 0.4782 -0.8782
-0.165175 2.97107 -0.162562 0.388799 0.660694 0 0.4782 -0.8782
-0.158419 3.00273 -0.145322 0.381617 0.676968 0 0.4782 -0.8782
-0.043903 2.92837 -0.185814 0.335931 0.624737 0 0.4782 -0.8782
-0.154833 2.92837 -0.185814 0.389152 0.636654 0 0.4782 -0.8782
-0.158419 3.00273 -0.145322 0.381617 0.676968 0 0.4782 -0.8782
-0.129238 3.01675 -0.06203 0.735464 0.186325 0 -0.2382 0.9712
-0.158327 3.00266 -0.065486 0.742753 0.171965 0 -0.2382 0.9712
-0.165175 2.97107 -0.073235 0.759095 0.168584 0 -0.2382 0.9712
-0.065309 3.01675 -0.06203 0.735464 0.217883 0 -0.2382 0.9712
-0.129238 3.01675 -0.06203 0.735464 0.186325 0 -0.2382 0.9712
-0.165175 2.97107 -0.073235 0.759095 0.168584 0 -0.2382 0.9712
-0.099861 0.301403 -0.09986 0.103208 0.300865 0 -0 -1
0.099861 0.301403 -0.09986 0.103208 0.201133 0 -0 -1
0.099861 0.024319 -0.09986 0.244036 0.201133 0 -0 -1
-0.099861 0.024319 -0.09986 0.244036 0.300865 0 -0 -1
-0.099861 0.301403 -0.09986 0.103208 0.300865 0 -0 -1
0.099861 0.024319 -0.09986 0.244036 0.201133 0 -0 -1
0.099861 0.301403 -0.09986 0.103208 0.201133 1 0 -0
0.099861 0.301403 0.099861 0.103208 0.101401 1 0 -0
0.099861 0.024319 0.099861 0.244036 0.101401 1 0 -0
0.099861 0.024319 -0.09986 0.244036 0.201133 1 0 -0
0.099861 0.301403 -0.09986 0.103208 0.201133 1 0 -0
0.099861 0.024319 0.099861 0.244036 0.101401 1 0 -0
0.099861 0.301403 0.099861 0.103208 0.101401 0 0 1
-0.099861 0.301403 0.099861 0.103208 0.00166899 0 0 1
-0.099861 0.024319 0.099861 0.244036 0.00166899 0 0 1
0.099861 0.024319 0.099861 0.244036 0.101401 0 0 1
0.099861 0.301403 0.099861 0.103208 0.101401 0 0 1
-0.099861 0.024319 0.099861 0.244036 0.00166899 0 0 1
-0.099861 0.301403 0.099861 0.103208 0.400597 -1 -0 -0
-0.099861 0.301403 -0.09986 0.103208 0.300865 -1 -0 -0
-0.099861 0.024319 -0.09986 0.244036 0.300865 -1 -0 -0
-0.099861 0.024319 0.099861 0.244036 0.400597 -1 -0 -0
-0.099861 0.301403 0.099861 0.103208 0.400597 -1 -0 -0
-0.099861 0.024319 -0.09986 0.244036 0.300865 -1 -0 -0
-0.036201 2.73339 0.036201 0.328558 0.593263 0 1 -0
0.036201 2.73339 0.036201 0.29246 0.593263 0 1 -0
0.036201 2.73339 -0.036202 0.29246 0.562486 0 1 -0
-0.036201 2.73339 -0.036202 0.328558 0.562486 0 1 -0
-0.036201 2.73339 0.036201 0.328558 0.593263 0 1 -0
0.036201 2.73339 -0.036202 0.29246 0.562486 0 1 -0
-0.076861 0.024319 -0.07686 0.333855 0.189648 0 -1 -0
0.076861 0.024319 -0.07686 0.255726 0.189648 0 -1 -0
0.076861 0.024319 0.076861 0.255726 0.112886 0 -1 -0
-0.076861 0.024319 0.076861 0.333855 0.112886 0 -1 -0
-0.076861 0.024319 -0.07686 0.333855 0.189648 0 -1 -0
0.076861 0.024319 0.076861 0.255726 0.112886 0 -1 -0
-0.076861 0.798106 -0.07686 0.509018 0.320273 0 1 -0
-0.076861 0.798106 0.076861 0.509018 0.244975 0 1 -0
-0.036201 0.798106 0.036201 0.529289 0.264891 0 1 -0
-0.036201 0.798106 -0.036201 0.529289 0.300357 0 1 -0
-0.076861 0.798106 -0.07686 0.509018 0.320273 0 1 -0
-0.036201 0.798106 0.036201 0.529289 0.264891 0 1 -0
-0.076861 0.798106 0.076861 0.509018 0.244975 0 1 -0
0.076861 0.798106 0.076861 0.585658 0.244975 0 1 -0
0.036201 0.798106 0.036201 0.565387 0.264891 0 1 -0
-0.036201 0.798106 0.036201 0.529289 0.264891 0 1 -0
-0.076861 0.798106 0.076861 0.509018 0.244975 0 1 -0
0.036201 0.798106 0.036201 0.565387 0.264891 0 1 -0
0.076861 0.798106 0.076861 0.585658 0.244975 0 1 -0
0.076861 0.798106 -0.07686 0.585658 0.320273 0 1 -0
0.036201 0.798106 -0.036201 0.565387 0.300357 0 1 -0
0.036201 0.798106 0.036201 0.565387 0.264891 0 1 -0
0.076861 0.798106 0.076861 0.585658 0.244975 0 1 -0
0.036201 0.798106 -0.036201 0.565387 0.300357 0 1 -0
0.076861 0.798106 -0.07686 0.585658 0.320273 0 1 -0
-0.076861 0.798106 -0.07686 0.509018 0.320273 0 1 -0
-0.036201 0.798106 -0.036201 0.529289 0.300357 0 1 -0
0.036201 0.798106 -0.036201 0.565387 0.300357 0 1 -0
0.076861 0.798106 -0.07686 0.585658 0.320273 0 1 -0
-0.036201 0.798106 -0.036201 0.529289 0.300357 0 1 -0
-0.036201 0.798106 -0.036201 0.001699 0.517007 -1 -0 -0
-0.036201 0.798106 0.036201 0.001699 0.481542 -1 -0 -0
-0.036201 2.73339 0.036201 0.849126 0.481542 -1 -0 -0
-0.036201 2.73339 -0.036202 0.849126 0.517007 -1 -0 -0
-0.036201 0.798106 -0.036201 0.001699 0.517007 -1 -0 -0
-0.036201 2.73339 0.036201 0.849126 0.481542 -1 -0 -0
-0.036201 0.798106 0.036201 0.001699 0.481542 0 0 1
0.036201 0.798106 0.036201 0.001699 0.446076 0 0 1
0.036201 2.73339 0.036201 0.849126 0.446076 0 0 1
-0.036201 2.73339 0.036201 0.849126 0.481542 0 0 1
-0.036201 0.798106 0.036201 0.001699 0.481542 0 0 1
0.036201 2.73339 0.036201 0.849126 0.446076 0 0 1
0.036201 0.798106 0.036201 0.001699 0.446076 1 0 -0
0.036201 0.798106 -0.036201 0.001699 0.41061 1 0 -0
0.036201 2.73339 -0.036202 0.849126 0.41061 1 0 -0
0.036201 2.73339 0.036201 0.849126 0.446076 1 0 -0
0.036201 0.798106 0.036201 0.001699 0.446076 1 0 -0
0.036201 2.73339 -0.036202 0.849126 0.41061 1 0 -0
0.036201 0.798106 -0.036201 0.001699 0.552473 0 -0 -1
-0.036201 0.798106 -0.036201 0.001699 0.517007 0 -0 -1
-0.036201 2.73339 -0.036202 0.849126 0.517007 0 -0 -1
0.036201 2.73339 -0.036202 0.849126 0.552473 0 -0 -1
0.036201 0.798106 -0.036201 0.001699 0.552473 0 -0 -1
-0.036201 2.73339 -0.036202 0.849126 0.517007 0 -0 -1
0.076861 0.798106 0.076861 0.585658 0.244975 0 0 1
-0.076861 0.798106 0.076861 0.509018 0.244975 0 0 1
-0.076861 0.301403 0.076861 0.509018 0.00166899 0 0 1
0.076861 0.301403 0.076861 0.585658 0.00166899 0 0 1
0.076861 0.798106 0.076861 0.585658 0.244975 0 0 1
-0.076861 0.301403 0.076861 0.509018 0.00166899 0 0 1
-0.076861 0.798106 0.076861 0.509018 0.244975 -1 -0 -0
-0.076861 0.798106 -0.07686 0.432377 0.244975 -1 -0 -0
-0.076861 0.301403 -0.07686 0.432377 0.00166899 -1 -0 -0
-0.076861 0.301403 0.076861 0.509018 0.00166899 -1 -0 -0
-0.076861 0.798106 0.076861 0.509018 0.244975 -1 -0 -0
-0.076861 0.301403 -0.07686 0.432377 0.00166899 -1 -0 -0
-0.076861 0.798106 -0.07686 0.432377 0.244975 0 -0 -1
0.076861 0.798106 -0.07686 0.355737 0.244975 0 -0 -1
0.076861 0.301403 -0.07686 0.355737 0.00166899 0 -0 -1
-0.076861 0.301403 -0.07686 0.432377 0.00166899 0 -0 -1
-0.076861 0.798106 -0.07686 0.432377 0.244975 0 -0 -1
0.076861 0.301403 -0.07686 0.355737 0.00166899 0 -0 -1
0.076861 0.798106 -0.07686 0.662299 0.244975 1 0 -0
0.076861 0.798106 0.076861 0.585658 0.244975 1 0 -0
0.076861 0.301403 0.076861 0.585658 0.00166899 1 0 -0
0.076861 0.301403 -0.07686 0.662299 0.00166899 1 0 -0
0.076861 0.798106 -0.07686 0.662299 0.244975 1 0 -0
0.076861 0.301403 0.076861 0.585658 0.00166899 1 0 -0
-0.076861 0.301403 -0.07686 0.013388 0.189648 0 1 -0
0.076861 0.301403 -0.07686 0.091518 0.189648 0 1 -0
0.099861 0.301403 -0.09986 0.103208 0.201133 0 1 -0
-0.099861 0.301403 -0.09986 0.001699 0.201133 0 1 -0
-0.076861 0.301403 -0.07686 0.013388 0.189648 0 1 -0
0.099861 0.301403 -0.09986 0.103208 0.201133 0 1 -0
0.076861 0.024319 -0.07686 0.255726 0.189648 0 -1 -0
-0.076861 0.024319 -0.07686 0.333855 0.189648 0 -1 -0
-0.099861 0.024319 -0.09986 0.345545 0.201133 0 -1 -0
0.099861 0.024319 -0.09986 0.244036 0.201133 0 -1 -0
0.076861 0.024319 -0.07686 0.255726 0.189648 0 -1 -0
-0.099861 0.024319 -0.09986 0.345545 0.201133 0 -1 -0
0.076861 0.301403 -0.07686 0.091518 0.189648 0 1 -0
0.076861 0.301403 0.076861 0.091518 0.112886 0 1 -0
0.099861 0.301403 0.099861 0.103208 0.101401 0 1 -0
0.099861 0.301403 -0.09986 0.103208 0.201133 0 1 -0
0.076861 0.301403 -0.07686 0.091518 0.189648 0 1 -0
0.099861 0.301403 0.099861 0.103208 0.101401 0 1 -0
0.076861 0.024319 0.076861 0.255726 0.112886 0 -1 -0
0.076861 0.024319 -0.07686 0.255726 0.189648 0 -1 -0
0.099861 0.024319 -0.09986 0.244036 0.201133 0 -1 -0
0.099861 0.024319 0.099861 0.244036 0.101401 0 -1 -0
0.076861 0.024319 0.076861 0.255726 0.112886 0 -1 -0
0.099861 0.024319 -0.09986 0.244036 0.201133 0 -1 -0
0.076861 0.301403 0.076861 0.091518 0.112886 0 1 -0
-0.076861 0.301403 0.076861 0.013388 0.112886 0 1 -0
-0.099861 0.301403 0.099861 0.001699 0.101401 0 1 -0
0.099861 0.301403 0.099861 0.103208 0.101401 0 1 -0
0.076861 0.301403 0.076861 0.091518 0.112886 0 1 -0
-0.099861 0.301403 0.099861 0.001699 0.101401 0 1 -0
-0.076861 0.024319 0.076861 0.333855 0.112886 0 -1 -0
0.076861 0.024319 0.076861 0.255726 0.112886 0 -1 -0
0.099861 0.024319 0.099861 0.244036 0.101401 0 -1 -0
-0.099861 0.024319 0.099861 0.345545 0.101401 0 -1 -0
-0.076861 0.024319 0.076861 0.333855 0.112886 0 -1 -0
0.099861 0.024319 0.099861 0.244036 0.101401 0 -1 -0
-0.076861 0.301403 0.076861 0.013388 0.112886 0 1 -0
-0.076861 0.301403 -0.07686 0.013388 0.189648 0 1 -0
-0.099861 0.301403 -0.09986 0.001699 0.201133 0 1 -0
-0.099861 0.301403 0.099861 0.001699 0.101401 0 1 -0
-0.076861 0.301403 0.076861 0.013388 0.112886 0 1 -0
-0.099861 0.301403 -0.09986 0.001699 0.201133 0 1 -0
-0.076861 0.024319 -0.07686 0.333855 0.189648 0 -1 -0
-0.076861 0.024319 0.076861 0.333855 0.112886 0 -1 -0
-0.099861 0.024319 0.099861 0.345545 0.101401 0 -1 -0
-0.099861 0.024319 -0.09986 0.345545 0.201133 0 -1 -0
-0.076861 0.024319 -0.07686 0.333855 0.189648 0 -1 -0
-0.099861 0.024319 0.099861 0.345545 0.101401 0 -1 -0
-0.049241 3.01675 0.049241 0.265038 0.315534 -0.1498 0.9773 0.1498
0.049241 3.01675 0.049241 0.265046 0.268627 0.1498 0.9773 0.1498
0.049241 3.01675 -0.049241 0.320429 0.26865 0.1498 0.9773 -0.1498
-0.049241 3.01675 -0.049241 0.32042 0.315557 -0.1498 0.9773 -0.1498
-0.049241 3.01675 0.049241 0.265038 0.315534 -0.1498 0.9773 0.1498
0.049241 3.01675 -0.049241 0.320429 0.26865 0.1498 0.9773 -0.1498
-0.082646 2.74538 -0.070647 0.863192 0.484575 -0.9682 -0.1768 -0.1769
-0.082646 2.74538 0.070646 0.863212 0.402096 -0.9682 -0.1768 0.1769
-0.082646 2.92837 0.070482 0.951402 0.402229 -0.9716 0.1384 0.1922
-0.082646 2.92837 -0.070483 0.951701 0.484319 -0.9716 0.1383 -0.1922
-0.082646 2.74538 -0.070647 0.863192 0.484575 -0.9682 -0.1768 -0.1769
-0.082646 2.92837 0.070482 0.951402 0.402229 -0.9716 0.1384 0.1922
-0.070646 2.74538 0.082646 0.863193 0.393873 -0.1769 -0.1768 0.9682
0.070646 2.74538 0.082646 0.863211 0.311394 0.1769 -0.1768 0.9682
0.070482 2.92837 0.082646 0.951402 0.311527 0.1922 0.1384 0.9716
-0.070482 2.92837 0.082646 0.951701 0.393616 -0.1922 0.1383 0.9716
-0.070646 2.74538 0.082646 0.863193 0.393873 -0.1769 -0.1768 0.9682
0.070482 2.92837 0.082646 0.951402 0.311527 0.1922 0.1384 0.9716
0.082646 2.74538 0.070646 0.863192 0.66598 0.9682 -0.1768 0.1769
0.082646 2.74538 -0.070647 0.863211 0.583501 0.9682 -0.1768 -0.1769
0.082646 2.92837 -0.070483 0.951402 0.583634 0.9716 0.1384 -0.1922
0.082646 2.92837 0.070482 0.951701 0.665724 0.9716 0.1383 0.1922
0.082646 2.74538 0.070646 0.863192 0.66598 0.9682 -0.1768 0.1769
0.082646 2.92837 -0.070483 0.951402 0.583634 0.9716 0.1384 -0.1922
0.070646 2.74538 -0.082647 0.863192 0.575278 0.1769 -0.1768 -0.9682
-0.070646 2.74538 -0.082647 0.863211 0.492799 -0.1769 -0.1768 -0.9682
-0.070482 2.92837 -0.082647 0.951402 0.492932 -0.1922 0.1384 -0.9716
0.070482 2.92837 -0.082647 0.9517 0.575022 0.1922 0.1383 -0.9716
0.070646 2.74538 -0.082647 0.863192 0.575278 0.1769 -0.1768 -0.9682
-0.070482 2.92837 -0.082647 0.951402 0.492932 -0.1922 0.1384 -0.9716
-0.082646 2.92837 -0.070483 0.951701 0.484319 -0.9716 0.1383 -0.1922
-0.082646 2.92837 0.070482 0.951402 0.402229 -0.9716 0.1384 0.1922
-0.064066 3.00509 0.051737 0.99066 0.403561 -0.8972 0.4099 0.1641
-0.064066 3.00509 -0.051738 0.990643 0.482983 -0.8972 0.4099 -0.1641
-0.082646 2.92837 -0.070483 0.951701 0.484319 -0.9716 0.1383 -0.1922
-0.064066 3.00509 0.051737 0.99066 0.403561 -0.8972 0.4099 0.1641
-0.070482 2.92837 0.082646 0.951701 0.393616 -0.1922 0.1383 0.9716
0.070482 2.92837 0.082646 0.951402 0.311527 0.1922 0.1384 0.9716
0.051738 3.00509 0.064065 0.99066 0.312859 0.1641 0.4099 0.8972
-0.051738 3.00509 0.064065 0.990643 0.392281 -0.1641 0.4099 0.8972
-0.070482 2.92837 0.082646 0.951701 0.393616 -0.1922 0.1383 0.9716
0.051738 3.00509 0.064065 0.99066 0.312859 0.1641 0.4099 0.8972
0.082646 2.92837 0.070482 0.951701 0.665724 0.9716 0.1383 0.1922
0.082646 2.92837 -0.070483 0.951402 0.583634 0.9716 0.1384 -0.1922
0.064066 3.00509 -0.051738 0.99066 0.584966 0.8972 0.4099 -0.1641
0.064066 3.00509 0.051737 0.990643 0.664388 0.8972 0.4099 0.1641
0.082646 2.92837 0.070482 0.951701 0.665724 0.9716 0.1383 0.1922
0.064066 3.00509 -0.051738 0.99066 0.584966 0.8972 0.4099 -0.1641
0.070482 2.92837 -0.082647 0.9517 0.575022 0.1922 0.1383 -0.9716
-0.070482 2.92837 -0.082647 0.951402 0.492932 -0.1922 0.1384 -0.9716
-0.051738 3.00509 -0.064066 0.99066 0.494264 -0.1641 0.4099 -0.8972
0.051738 3.00509 -0.064066 0.990643 0.573686 0.1641 0.4099 -0.8972
0.070482 2.92837 -0.082647 0.9517 0.575022 0.1922 0.1383 -0.9716
-0.051738 3.00509 -0.064066 0.99066 0.494264 -0.1641 0.4099 -0.8972
0.070646 2.73339 0.070646 0.72748 0.366563 0.1769 -0.9682 0.1769
-0.070646 2.73339 0.070646 0.659659 0.366563 -0.1769 -0.9682 0.1769
-0.070646 2.73339 -0.070647 0.659659 0.29873 -0.1769 -0.9682 -0.1769
0.070646 2.73339 -0.070647 0.72748 0.29873 0.1769 -0.9682 -0.1769
0.070646 2.73339 0.070646 0.72748 0.366563 0.1769 -0.9682 0.1769
-0.070646 2.73339 -0.070647 0.659659 0.29873 -0.1769 -0.9682 -0.1769
-0.070646 2.7369 -0.079132 0.658963 0.29384 -0.1532 -0.9253 -0.347
-0.070646 2.73339 -0.070647 0.659659 0.29873 -0.1769 -0.9682 -0.1769
-0.079132 2.7369 -0.070647 0.65462 0.298118 -0.347 -0.9253 -0.1533
-0.077832 2.7382 -0.077832 0.65537 0.294508 -0.3027 -0.9037 -0.3027
-0.070646 2.7369 -0.079132 0.658963 0.29384 -0.1532 -0.9253 -0.347
-0.079132 2.7369 -0.070647 0.65462 0.298118 -0.347 -0.9253 -0.1533
0.070646 2.7369 -0.079132 0.859318 0.576457 0.1532 -0.347 -0.9253
0.070646 2.74538 -0.082647 0.863192 0.575278 0.1769 -0.1768 -0.9682
0.079132 2.74538 -0.079132 0.862517 0.579376 0.347 -0.1531 -0.9253
0.077832 2.7382 -0.077833 0.859318 0.579376 0.3027 -0.3027 -0.9037
0.070646 2.7369 -0.079132 0.859318 0.576457 0.1532 -0.347 -0.9253
0.079132 2.74538 -0.079132 0.862517 0.579376 0.347 -0.1531 -0.9253
0.079132 2.7369 0.070646 0.859318 0.667157 0.9253 -0.347 0.1533
0.082646 2.74538 0.070646 0.863192 0.66598 0.9682 -0.1768 0.1769
0.079132 2.74538 0.079132 0.863217 0.670085 0.9253 -0.1531 0.347
0.077833 2.7382 0.077831 0.860044 0.670085 0.9037 -0.3027 0.3027
0.079132 2.7369 0.070646 0.859318 0.667157 0.9253 -0.347 0.1533
0.079132 2.74538 0.079132 0.863217 0.670085 0.9253 -0.1531 0.347
-0.070646 2.7369 0.079132 0.859318 0.395057 -0.1532 -0.347 0.9253
-0.070646 2.74538 0.082646 0.863193 0.393873 -0.1769 -0.1768 0.9682
-0.079132 2.74538 0.079132 0.862518 0.397976 -0.347 -0.1531 0.9253
-0.077832 2.7382 0.077832 0.859318 0.397976 -0.3027 -0.3027 0.9037
-0.070646 2.7369 0.079132 0.859318 0.395057 -0.1532 -0.347 0.9253
-0.079132 2.74538 0.079132 0.862518 0.397976 -0.347 -0.1531 0.9253
-0.060432 3.00522 -0.060433 0.991344 0.488689 -0.8507 0.415 -0.3227
-0.064066 3.00509 -0.051738 0.990643 0.482983 -0.8972 0.4099 -0.1641
-0.05867 3.01349 -0.049941 0.995025 0.48434 -0.5991 0.7877 -0.1433
-0.057522 3.01216 -0.057521 0.995025 0.48869 -0.8074 0.5213 -0.2762
-0.060432 3.00522 -0.060433 0.991344 0.488689 -0.8507 0.415 -0.3227
-0.05867 3.01349 -0.049941 0.995025 0.48434 -0.5991 0.7877 -0.1433
0.060432 3.00522 -0.060433 0.991344 0.579387 0.3227 0.415 -0.8507
0.051738 3.00509 -0.064066 0.990643 0.573686 0.1641 0.4099 -0.8972
0.049941 3.01349 -0.05867 0.995025 0.575037 0.1433 0.7878 -0.5991
0.057521 3.01216 -0.057522 0.995025 0.579387 0.2762 0.5214 -0.8074
0.060432 3.00522 -0.060433 0.991344 0.579387 0.3227 0.415 -0.8507
0.049941 3.01349 -0.05867 0.995025 0.575037 0.1433 0.7878 -0.5991
0.060432 3.00522 0.060432 0.99139 0.670085 0.8507 0.415 0.3227
0.064066 3.00509 0.051737 0.990643 0.664388 0.8972 0.4099 0.1641
0.05867 3.01349 0.04994 0.995025 0.665735 0.5991 0.7877 0.1433
0.057522 3.01216 0.057521 0.995025 0.670085 0.8074 0.5214 0.2762
0.060432 3.00522 0.060432 0.99139 0.670085 0.8507 0.415 0.3227
0.05867 3.01349 0.04994 0.995025 0.665735 0.5991 0.7877 0.1433
-0.060432 3.00522 0.060432 0.991344 0.397991 -0.3227 0.415 0.8507
-0.051738 3.00509 0.064065 0.990643 0.392281 -0.1641 0.4099 0.8972
-0.049941 3.01349 0.05867 0.995025 0.393642 -0.1433 0.7878 0.5991
-0.057521 3.01216 0.057522 0.995025 0.397992 -0.2762 0.5214 0.8074
-0.060432 3.00522 0.060432 0.991344 0.397991 -0.3227 0.415 0.8507
-0.049941 3.01349 0.05867 0.995025 0.393642 -0.1433 0.7878 0.5991
-0.064066 3.00509 0.051737 0.99066 0.403561 -0.8972 0.4099 0.1641
-0.05867 3.01349 0.04994 0.995025 0.402103 -0.5991 0.7878 0.1433
-0.05867 3.01349 -0.049941 0.995025 0.48434 -0.5991 0.7877 -0.1433
-0.064066 3.00509 -0.051738 0.990643 0.482983 -0.8972 0.4099 -0.1641
-0.064066 3.00509 0.051737 0.99066 0.403561 -0.8972 0.4099 0.1641
-0.05867 3.01349 -0.049941 0.995025 0.48434 -0.5991 0.7877 -0.1433
0.051738 3.00509 0.064065 0.99066 0.312859 0.1641 0.4099 0.8972
0.049941 3.01349 0.05867 0.995025 0.311405 0.1433 0.7878 0.5991
-0.049941 3.01349 0.05867 0.995025 0.393642 -0.1433 0.7878 0.5991
-0.051738 3.00509 0.064065 0.990643 0.392281 -0.1641 0.4099 0.8972
0.051738 3.00509 0.064065 0.99066 0.312859 0.1641 0.4099 0.8972
-0.049941 3.01349 0.05867 0.995025 0.393642 -0.1433 0.7878 0.5991
0.064066 3.00509 -0.051738 0.99066 0.584966 0.8972 0.4099 -0.1641
0.05867 3.01349 -0.049941 0.995025 0.583498 0.5991 0.7878 -0.1433
0.05867 3.01349 0.04994 0.995025 0.665735 0.5991 0.7877 0.1433
0.064066 3.00509 0.051737 0.990643 0.664388 0.8972 0.4099 0.1641
0.064066 3.00509 -0.051738 0.99066 0.584966 0.8972 0.4099 -0.1641
0.05867 3.01349 0.04994 0.995025 0.665735 0.5991 0.7877 0.1433
-0.051738 3.00509 -0.064066 0.99066 0.494264 -0.1641 0.4099 -0.8972
-0.049941 3.01349 -0.05867 0.995025 0.4928 -0.1433 0.7878 -0.5991
0.049941 3.01349 -0.05867 0.995025 0.575037 0.1433 0.7878 -0.5991
0.051738 3.00509 -0.064066 0.990643 0.573686 0.1641 0.4099 -0.8972
-0.051738 3.00509 -0.064066 0.99066 0.494264 -0.1641 0.4099 -0.8972
0.049941 3.01349 -0.05867 0.995025 0.575037 0.1433 0.7878 -0.5991
-0.070646 2.74538 -0.082647 0.863211 0.492799 -0.1769 -0.1768 -0.9682
-0.079132 2.74538 -0.079132 0.862518 0.488676 -0.347 -0.1531 -0.9253
-0.079084 2.92837 -0.079084 0.951788 0.48868 -0.3779 0.1531 -0.9131
-0.070482 2.92837 -0.082647 0.951402 0.492932 -0.1922 0.1384 -0.9716
-0.070646 2.74538 -0.082647 0.863211 0.492799 -0.1769 -0.1768 -0.9682
-0.079084 2.92837 -0.079084 0.951788 0.48868 -0.3779 0.1531 -0.9131
-0.070646 2.73339 0.070646 0.659659 0.366563 -0.1769 -0.9682 0.1769
-0.079132 2.7369 0.070646 0.654592 0.367164 -0.347 -0.9252 0.1533
-0.079132 2.7369 -0.070647 0.65462 0.298118 -0.347 -0.9253 -0.1533
-0.070646 2.73339 -0.070647 0.659659 0.29873 -0.1769 -0.9682 -0.1769
-0.070646 2.73339 0.070646 0.659659 0.366563 -0.1769 -0.9682 0.1769
-0.079132 2.7369 -0.070647 0.65462 0.298118 -0.347 -0.9253 -0.1533
-0.070482 2.92837 0.082646 0.951701 0.393616 -0.1922 0.1383 0.9716
-0.079084 2.92837 0.079083 0.951788 0.397977 -0.3779 0.1531 0.9131
-0.079132 2.74538 0.079132 0.862518 0.397976 -0.347 -0.1531 0.9253
-0.070646 2.74538 0.082646 0.863193 0.393873 -0.1769 -0.1768 0.9682
-0.070482 2.92837 0.082646 0.951701 0.393616 -0.1922 0.1383 0.9716
-0.079132 2.74538 0.079132 0.862518 0.397976 -0.347 -0.1531 0.9253
0.070646 2.73339 0.070646 0.72748 0.366563 0.1769 -0.9682 0.1769
0.070646 2.7369 0.079132 0.728114 0.37146 0.1533 -0.9252 0.347
-0.070646 2.7369 0.079132 0.658953 0.371421 -0.1533 -0.9252 0.347
-0.070646 2.73339 0.070646 0.659659 0.366563 -0.1769 -0.9682 0.1769
0.070646 2.73339 0.070646 0.72748 0.366563 0.1769 -0.9682 0.1769
-0.070646 2.7369 0.079132 0.658953 0.371421 -0.1533 -0.9252 0.347
0.082646 2.92837 0.070482 0.951701 0.665724 0.9716 0.1383 0.1922
0.079084 2.92837 0.079083 0.952014 0.670085 0.9131 0.1531 0.3779
0.079132 2.74538 0.079132 0.863217 0.670085 0.9253 -0.1531 0.347
0.082646 2.74538 0.070646 0.863192 0.66598 0.9682 -0.1768 0.1769
0.082646 2.92837 0.070482 0.951701 0.665724 0.9716 0.1383 0.1922
0.079132 2.74538 0.079132 0.863217 0.670085 0.9253 -0.1531 0.347
0.070646 2.73339 -0.070647 0.72748 0.29873 0.1769 -0.9682 -0.1769
0.079132 2.7369 -0.070647 0.73237 0.298077 0.347 -0.9252 -0.1533
0.079132 2.7369 0.070646 0.732338 0.367227 0.347 -0.9252 0.1533
0.070646 2.73339 0.070646 0.72748 0.366563 0.1769 -0.9682 0.1769
0.070646 2.73339 -0.070647 0.72748 0.29873 0.1769 -0.9682 -0.1769
0.079132 2.7369 0.070646 0.732338 0.367227 0.347 -0.9252 0.1533
0.070482 2.92837 -0.082647 0.9517 0.575022 0.1922 0.1383 -0.9716
0.079084 2.92837 -0.079084 0.951788 0.579383 0.3779 0.1531 -0.9131
0.079132 2.74538 -0.079132 0.862517 0.579376 0.347 -0.1531 -0.9253
0.070646 2.74538 -0.082647 0.863192 0.575278 0.1769 -0.1768 -0.9682
0.070482 2.92837 -0.082647 0.9517 0.575022 0.1922 0.1383 -0.9716
0.079132 2.74538 -0.079132 0.862517 0.579376 0.347 -0.1531 -0.9253
-0.070646 2.73339 -0.070647 0.659659 0.29873 -0.1769 -0.9682 -0.1769
-0.070646 2.7369 -0.079132 0.658963 0.29384 -0.1532 -0.9253 -0.347
0.070646 2.7369 -0.079132 0.728124 0.293866 0.1533 -0.9252 -0.347
0.070646 2.73339 -0.070647 0.72748 0.29873 0.1769 -0.9682 -0.1769
-0.070646 2.73339 -0.070647 0.659659 0.29873 -0.1769 -0.9682 -0.1769
0.070646 2.7369 -0.079132 0.728124 0.293866 0.1533 -0.9252 -0.347
-0.070482 2.92837 -0.082647 0.951402 0.492932 -0.1922 0.1384 -0.9716
-0.079084 2.92837 -0.079084 0.951788 0.48868 -0.3779 0.1531 -0.9131
-0.060432 3.00522 -0.060433 0.991344 0.488689 -0.3227 0.415 -0.8507
-0.051738 3.00509 -0.064066 0.99066 0.494264 -0.1641 0.4099 -0.8972
-0.070482 2.92837 -0.082647 0.951402 0.492932 -0.1922 0.1384 -0.9716
-0.060432 3.00522 -0.060433 0.991344 0.488689 -0.3227 0.415 -0.8507
-0.051738 3.00509 0.064065 0.990643 0.392281 -0.1641 0.4099 0.8972
-0.060432 3.00522 0.060432 0.991344 0.397991 -0.3227 0.415 0.8507
-0.079084 2.92837 0.079083 0.951788 0.397977 -0.3779 0.1531 0.9131
-0.070482 2.92837 0.082646 0.951701 0.393616 -0.1922 0.1383 0.9716
-0.051738 3.00509 0.064065 0.990643 0.392281 -0.1641 0.4099 0.8972
-0.079084 2.92837 0.079083 0.951788 0.397977 -0.3779 0.1531 0.9131
0.064066 3.00509 0.051737 0.990643 0.664388 0.8972 0.4099 0.1641
0.060432 3.00522 0.060432 0.99139 0.670085 0.8507 0.415 0.3227
0.079084 2.92837 0.079083 0.952014 0.670085 0.9131 0.1531 0.3779
0.082646 2.92837 0.070482 0.951701 0.665724 0.9716 0.1383 0.1922
0.064066 3.00509 0.051737 0.990643 0.664388 0.8972 0.4099 0.1641
0.079084 2.92837 0.079083 0.952014 0.670085 0.9131 0.1531 0.3779
0.051738 3.00509 -0.064066 0.990643 0.573686 0.1641 0.4099 -0.8972
0.060432 3.00522 -0.060433 0.991344 0.579387 0.3227 0.415 -0.8507
0.079084 2.92837 -0.079084 0.951788 0.579383 0.3779 0.1531 -0.9131
0.070482 2.92837 -0.082647 0.9517 0.575022 0.1922 0.1383 -0.9716
0.051738 3.00509 -0.064066 0.990643 0.573686 0.1641 0.4099 -0.8972
0.079084 2.92837 -0.079084 0.951788 0.579383 0.3779 0.1531 -0.9131
-0.079132 2.7369 -0.070647 0.859318 0.485757 -0.9252 -0.347 -0.1533
-0.082646 2.74538 -0.070647 0.863192 0.484575 -0.9682 -0.1768 -0.1769
-0.079132 2.74538 -0.079132 0.862518 0.488676 -0.9253 -0.1531 -0.347
-0.077832 2.7382 -0.077832 0.859318 0.488676 -0.9037 -0.3028 -0.3028
-0.079132 2.7369 -0.070647 0.859318 0.485757 -0.9252 -0.347 -0.1533
-0.079132 2.74538 -0.079132 0.862518 0.488676 -0.9253 -0.1531 -0.347
-0.079132 2.74538 -0.079132 0.862518 0.488676 -0.347 -0.1531 -0.9253
-0.070646 2.74538 -0.082647 0.863211 0.492799 -0.1769 -0.1768 -0.9682
-0.070646 2.7369 -0.079132 0.859318 0.491643 -0.1533 -0.347 -0.9252
-0.077832 2.7382 -0.077832 0.859318 0.488676 -0.3028 -0.3028 -0.9037
-0.079132 2.74538 -0.079132 0.862518 0.488676 -0.347 -0.1531 -0.9253
-0.070646 2.7369 -0.079132 0.859318 0.491643 -0.1533 -0.347 -0.9252
0.079132 2.74538 -0.079132 0.862517 0.579376 0.9253 -0.1531 -0.347
0.082646 2.74538 -0.070647 0.863211 0.583501 0.9682 -0.1768 -0.1769
0.079132 2.7369 -0.070647 0.859318 0.582343 0.9252 -0.347 -0.1533
0.077832 2.7382 -0.077833 0.859318 0.579376 0.9037 -0.3028 -0.3028
0.079132 2.74538 -0.079132 0.862517 0.579376 0.9253 -0.1531 -0.347
0.079132 2.7369 -0.070647 0.859318 0.582343 0.9252 -0.347 -0.1533
0.079132 2.7369 -0.070647 0.73237 0.298077 0.347 -0.9252 -0.1533
0.070646 2.73339 -0.070647 0.72748 0.29873 0.1769 -0.9682 -0.1769
0.070646 2.7369 -0.079132 0.728124 0.293866 0.1533 -0.9252 -0.347
0.077832 2.7382 -0.077833 0.731688 0.294523 0.3028 -0.9037 -0.3028
0.079132 2.7369 -0.070647 0.73237 0.298077 0.347 -0.9252 -0.1533
0.070646 2.7369 -0.079132 0.728124 0.293866 0.1533 -0.9252 -0.347
0.079132 2.74538 0.079132 0.862481 0.307276 0.347 -0.1531 0.9253
0.070646 2.74538 0.082646 0.863211 0.311394 0.1769 -0.1768 0.9682
0.070646 2.7369 0.079132 0.859318 0.310243 0.1533 -0.347 0.9252
0.077833 2.7382 0.077831 0.859318 0.307276 0.3028 -0.3028 0.9037
0.079132 2.74538 0.079132 0.862481 0.307276 0.347 -0.1531 0.9253
0.070646 2.7369 0.079132 0.859318 0.310243 0.1533 -0.347 0.9252
0.070646 2.7369 0.079132 0.728114 0.37146 0.1533 -0.9252 0.347
0.070646 2.73339 0.070646 0.72748 0.366563 0.1769 -0.9682 0.1769
0.079132 2.7369 0.070646 0.732338 0.367227 0.347 -0.9252 0.1533
0.077833 2.7382 0.077831 0.731673 0.370785 0.3028 -0.9037 0.3028
0.070646 2.7369 0.079132 0.728114 0.37146 0.1533 -0.9252 0.347
0.079132 2.7369 0.070646 0.732338 0.367227 0.347 -0.9252 0.1533
-0.079132 2.74538 0.079132 0.862518 0.397976 -0.9253 -0.1531 0.347
-0.082646 2.74538 0.070646 0.863212 0.402096 -0.9682 -0.1768 0.1769
-0.079132 2.7369 0.070646 0.859318 0.400943 -0.9252 -0.347 0.1533
-0.077832 2.7382 0.077832 0.859318 0.397976 -0.9037 -0.3028 0.3028
-0.079132 2.74538 0.079132 0.862518 0.397976 -0.9253 -0.1531 0.347
-0.079132 2.7369 0.070646 0.859318 0.400943 -0.9252 -0.347 0.1533
-0.079132 2.7369 0.070646 0.654592 0.367164 -0.347 -0.9252 0.1533
-0.070646 2.73339 0.070646 0.659659 0.366563 -0.1769 -0.9682 0.1769
-0.070646 2.7369 0.079132 0.658953 0.371421 -0.1533 -0.9252 0.347
-0.077832 2.7382 0.077832 0.655354 0.37077 -0.3028 -0.9037 0.3028
-0.079132 2.7369 0.070646 0.654592 0.367164 -0.347 -0.9252 0.1533
-0.070646 2.7369 0.079132 0.658953 0.371421 -0.1533 -0.9252 0.347
-0.05867 3.01349 -0.049941 0.32151 0.320273 -0.5991 0.7877 -0.1433
-0.049241 3.01675 -0.049241 0.32042 0.315557 -0.1498 0.9773 -0.1498
-0.049941 3.01349 -0.05867 0.326007 0.316549 -0.1433 0.7878 -0.5991
-0.057522 3.01216 -0.057521 0.326007 0.320273 -0.2582 0.931 -0.2582
-0.05867 3.01349 -0.049941 0.32151 0.320273 -0.5991 0.7877 -0.1433
-0.049941 3.01349 -0.05867 0.326007 0.316549 -0.1433 0.7878 -0.5991
-0.049941 3.01349 -0.05867 0.995025 0.4928 -0.1433 0.7878 -0.5991
-0.051738 3.00509 -0.064066 0.99066 0.494264 -0.1641 0.4099 -0.8972
-0.060432 3.00522 -0.060433 0.991344 0.488689 -0.3227 0.415 -0.8507
-0.057522 3.01216 -0.057521 0.995025 0.48869 -0.2762 0.5214 -0.8074
-0.049941 3.01349 -0.05867 0.995025 0.4928 -0.1433 0.7878 -0.5991
-0.060432 3.00522 -0.060433 0.991344 0.488689 -0.3227 0.415 -0.8507
0.049941 3.01349 -0.05867 0.326007 0.26765 0.1433 0.7878 -0.5991
0.049241 3.01675 -0.049241 0.320429 0.26865 0.1498 0.9773 -0.1498
0.05867 3.01349 -0.049941 0.321516 0.263911 0.5991 0.7878 -0.1433
0.057521 3.01216 -0.057522 0.326007 0.263911 0.2582 0.931 -0.2582
0.049941 3.01349 -0.05867 0.326007 0.26765 0.1433 0.7878 -0.5991
0.05867 3.01349 -0.049941 0.321516 0.263911 0.5991 0.7878 -0.1433
0.05867 3.01349 -0.049941 0.995025 0.583498 0.5991 0.7878 -0.1433
0.064066 3.00509 -0.051738 0.99066 0.584966 0.8972 0.4099 -0.1641
0.060432 3.00522 -0.060433 0.991344 0.579387 0.8507 0.415 -0.3227
0.057521 3.01216 -0.057522 0.995025 0.579387 0.8074 0.5214 -0.2762
0.05867 3.01349 -0.049941 0.995025 0.583498 0.5991 0.7878 -0.1433
0.060432 3.00522 -0.060433 0.991344 0.579387 0.8507 0.415 -0.3227
0.05867 3.01349 0.04994 0.263956 0.263911 0.5991 0.7877 0.1433
0.049241 3.01675 0.049241 0.265046 0.268627 0.1498 0.9773 0.1498
0.049941 3.01349 0.05867 0.25946 0.267635 0.1433 0.7878 0.5991
0.057522 3.01216 0.057521 0.25946 0.263911 0.2582 0.931 0.2582
0.05867 3.01349 0.04994 0.263956 0.263911 0.5991 0.7877 0.1433
0.049941 3.01349 0.05867 0.25946 0.267635 0.1433 0.7878 0.5991
0.049941 3.01349 0.05867 0.995025 0.311405 0.1433 0.7878 0.5991
0.051738 3.00509 0.064065 0.99066 0.312859 0.1641 0.4099 0.8972
0.060432 3.00522 0.060432 0.990588 0.307276 0.3227 0.415 0.8507
0.057522 3.01216 0.057521 0.994232 0.307276 0.2762 0.5214 0.8074
0.049941 3.01349 0.05867 0.995025 0.311405 0.1433 0.7878 0.5991
0.060432 3.00522 0.060432 0.990588 0.307276 0.3227 0.415 0.8507
-0.049941 3.01349 0.05867 0.25946 0.316534 -0.1433 0.7878 0.5991
-0.049241 3.01675 0.049241 0.265038 0.315534 -0.1498 0.9773 0.1498
-0.05867 3.01349 0.04994 0.26395 0.320273 -0.5991 0.7878 0.1433
-0.057521 3.01216 0.057522 0.25946 0.320273 -0.2582 0.931 0.2582
-0.049941 3.01349 0.05867 0.25946 0.316534 -0.1433 0.7878 0.5991
-0.05867 3.01349 0.04994 0.26395 0.320273 -0.5991 0.7878 0.1433
-0.05867 3.01349 0.04994 0.995025 0.402103 -0.5991 0.7878 0.1433
-0.064066 3.00509 0.051737 0.99066 0.403561 -0.8972 0.4099 0.1641
-0.060432 3.00522 0.060432 0.991344 0.397991 -0.8507 0.415 0.3227
-0.057521 3.01216 0.057522 0.995025 0.397992 -0.8074 0.5214 0.2762
-0.05867 3.01349 0.04994 0.995025 0.402103 -0.5991 0.7878 0.1433
-0.060432 3.00522 0.060432 0.991344 0.397991 -0.8507 0.415 0.3227
-0.049241 3.01675 0.049241 0.265038 0.315534 -0.1498 0.9773 0.1498
-0.049241 3.01675 -0.049241 0.32042 0.315557 -0.1498 0.9773 -0.1498
-0.05867 3.01349 -0.049941 0.32151 0.320273 -0.5991 0.7877 -0.1433
-0.05867 3.01349 0.04994 0.26395 0.320273 -0.5991 0.7878 0.1433
-0.049241 3.01675 0.049241 0.265038 0.315534 -0.1498 0.9773 0.1498
-0.05867 3.01349 -0.049941 0.32151 0.320273 -0.5991 0.7877 -0.1433
0.049241 3.01675 0.049241 0.265046 0.268627 0.1498 0.9773 0.1498
-0.049241 3.01675 0.049241 0.265038 0.315534 -0.1498 0.9773 0.1498
-0.049941 3.01349 0.05867 0.25946 0.316534 -0.1433 0.7878 0.5991
0.049941 3.01349 0.05867 0.25946 0.267635 0.1433 0.7878 0.5991
0.049241 3.01675 0.049241 0.265046 0.268627 0.1498 0.9773 0.1498
-0.049941 3.01349 0.05867 0.25946 0.316534 -0.1433 0.7878 0.5991
0.049241 3.01675 -0.049241 0.320429 0.26865 0.1498 0.9773 -0.1498
0.049241 3.01675 0.049241 0.265046 0.268627 0.1498 0.9773 0.1498
0.05867 3.01349 0.04994 0.263956 0.263911 0.5991 0.7877 0.1433
0.05867 3.01349 -0.049941 0.321516 0.263911 0.5991 0.7878 -0.1433
0.049241 3.01675 -0.049241 0.320429 0.26865 0.1498 0.9773 -0.1498
0.05867 3.01349 0.04994 0.263956 0.263911 0.5991 0.7877 0.1433
-0.049241 3.01675 -0.049241 0.32042 0.315557 -0.1498 0.9773 -0.1498
0.049241 3.01675 -0.049241 0.320429 0.26865 0.1498 0.9773 -0.1498
0.049941 3.01349 -0.05867 0.326007 0.26765 0.1433 0.7878 -0.5991
-0.049941 3.01349 -0.05867 0.326007 0.316549 -0.1433 0.7878 -0.5991
-0.049241 3.01675 -0.049241 0.32042 0.315557 -0.1498 0.9773 -0.1498
0.049941 3.01349 -0.05867 0.326007 0.26765 0.1433 0.7878 -0.5991
-0.082646 2.74538 -0.070647 0.863192 0.484575 -0.9682 -0.1768 -0.1769
-0.082646 2.92837 -0.070483 0.951701 0.484319 -0.9716 0.1383 -0.1922
-0.079084 2.92837 -0.079084 0.951788 0.48868 -0.9131 0.1531 -0.3779
-0.079132 2.74538 -0.079132 0.862518 0.488676 -0.9253 -0.1531 -0.347
-0.082646 2.74538 -0.070647 0.863192 0.484575 -0.9682 -0.1768 -0.1769
-0.079084 2.92837 -0.079084 0.951788 0.48868 -0.9131 0.1531 -0.3779
-0.082646 2.74538 0.070646 0.863212 0.402096 -0.9682 -0.1768 0.1769
-0.082646 2.74538 -0.070647 0.863192 0.484575 -0.9682 -0.1768 -0.1769
-0.079132 2.7369 -0.070647 0.859318 0.485757 -0.9252 -0.347 -0.1533
-0.079132 2.7369 0.070646 0.859318 0.400943 -0.9252 -0.347 0.1533
-0.082646 2.74538 0.070646 0.863212 0.402096 -0.9682 -0.1768 0.1769
-0.079132 2.7369 -0.070647 0.859318 0.485757 -0.9252 -0.347 -0.1533
-0.082646 2.92837 0.070482 0.951402 0.402229 -0.9716 0.1384 0.1922
-0.082646 2.74538 0.070646 0.863212 0.402096 -0.9682 -0.1768 0.1769
-0.079132 2.74538 0.079132 0.862518 0.397976 -0.9253 -0.1531 0.347
-0.079084 2.92837 0.079083 0.951788 0.397977 -0.9131 0.1531 0.3779
-0.082646 2.92837 0.070482 0.951402 0.402229 -0.9716 0.1384 0.1922
-0.079132 2.74538 0.079132 0.862518 0.397976 -0.9253 -0.1531 0.347
0.070646 2.74538 0.082646 0.863211 0.311394 0.1769 -0.1768 0.9682
-0.070646 2.74538 0.082646 0.863193 0.393873 -0.1769 -0.1768 0.9682
-0.070646 2.7369 0.079132 0.859318 0.395057 -0.1532 -0.347 0.9253
0.070646 2.7369 0.079132 0.859318 0.310243 0.1533 -0.347 0.9252
0.070646 2.74538 0.082646 0.863211 0.311394 0.1769 -0.1768 0.9682
-0.070646 2.7369 0.079132 0.859318 0.395057 -0.1532 -0.347 0.9253
0.070482 2.92837 0.082646 0.951402 0.311527 0.1922 0.1384 0.9716
0.070646 2.74538 0.082646 0.863211 0.311394 0.1769 -0.1768 0.9682
0.079132 2.74538 0.079132 0.862481 0.307276 0.347 -0.1531 0.9253
0.079084 2.92837 0.079083 0.951251 0.307276 0.3779 0.1531 0.9131
0.070482 2.92837 0.082646 0.951402 0.311527 0.1922 0.1384 0.9716
0.079132 2.74538 0.079132 0.862481 0.307276 0.347 -0.1531 0.9253
0.082646 2.74538 -0.070647 0.863211 0.583501 0.9682 -0.1768 -0.1769
0.082646 2.74538 0.070646 0.863192 0.66598 0.9682 -0.1768 0.1769
0.079132 2.7369 0.070646 0.859318 0.667157 0.9253 -0.347 0.1533
0.079132 2.7369 -0.070647 0.859318 0.582343 0.9252 -0.347 -0.1533
0.082646 2.74538 -0.070647 0.863211 0.583501 0.9682 -0.1768 -0.1769
0.079132 2.7369 0.070646 0.859318 0.667157 0.9253 -0.347 0.1533
0.082646 2.92837 -0.070483 0.951402 0.583634 0.9716 0.1384 -0.1922
0.082646 2.74538 -0.070647 0.863211 0.583501 0.9682 -0.1768 -0.1769
0.079132 2.74538 -0.079132 0.862517 0.579376 0.9253 -0.1531 -0.347
0.079084 2.92837 -0.079084 0.951788 0.579383 0.9131 0.1531 -0.3779
0.082646 2.92837 -0.070483 0.951402 0.583634 0.9716 0.1384 -0.1922
0.079132 2.74538 -0.079132 0.862517 0.579376 0.9253 -0.1531 -0.347
-0.070646 2.74538 -0.082647 0.863211 0.492799 -0.1769 -0.1768 -0.9682
0.070646 2.74538 -0.082647 0.863192 0.575278 0.1769 -0.1768 -0.9682
0.070646 2.7369 -0.079132 0.859318 0.576457 0.1532 -0.347 -0.9253
-0.070646 2.7369 -0.079132 0.859318 0.491643 -0.1533 -0.347 -0.9252
-0.070646 2.74538 -0.082647 0.863211 0.492799 -0.1769 -0.1768 -0.9682
0.070646 2.7369 -0.079132 0.859318 0.576457 0.1532 -0.347 -0.9253
-0.082646 2.92837 -0.070483 0.951701 0.484319 -0.9716 0.1383 -0.1922
-0.064066 3.00509 -0.051738 0.990643 0.482983 -0.8972 0.4099 -0.1641
-0.060432 3.00522 -0.060433 0.991344 0.488689 -0.8507 0.415 -0.3227
-0.079084 2.92837 -0.079084 0.951788 0.48868 -0.9131 0.1531 -0.3779
-0.082646 2.92837 -0.070483 0.951701 0.484319 -0.9716 0.1383 -0.1922
-0.060432 3.00522 -0.060433 0.991344 0.488689 -0.8507 0.415 -0.3227
-0.064066 3.00509 0.051737 0.99066 0.403561 -0.8972 0.4099 0.1641
-0.082646 2.92837 0.070482 0.951402 0.402229 -0.9716 0.1384 0.1922
-0.079084 2.92837 0.079083 0.951788 0.397977 -0.9131 0.1531 0.3779
-0.060432 3.00522 0.060432 0.991344 0.397991 -0.8507 0.415 0.3227
-0.064066 3.00509 0.051737 0.99066 0.403561 -0.8972 0.4099 0.1641
-0.079084 2.92837 0.079083 0.951788 0.397977 -0.9131 0.1531 0.3779
0.051738 3.00509 0.064065 0.99066 0.312859 0.1641 0.4099 0.8972
0.070482 2.92837 0.082646 0.951402 0.311527 0.1922 0.1384 0.9716
0.079084 2.92837 0.079083 0.951251 0.307276 0.3779 0.1531 0.9131
0.060432 3.00522 0.060432 0.990588 0.307276 0.3227 0.415 0.8507
0.051738 3.00509 0.064065 0.99066 0.312859 0.1641 0.4099 0.8972
0.079084 2.92837 0.079083 0.951251 0.307276 0.3779 0.1531 0.9131
0.064066 3.00509 -0.051738 0.99066 0.584966 0.8972 0.4099 -0.1641
0.082646 2.92837 -0.070483 0.951402 0.583634 0.9716 0.1384 -0.1922
0.079084 2.92837 -0.079084 0.951788 0.579383 0.9131 0.1531 -0.3779
0.060432 3.00522 -0.060433 0.991344 0.579387 0.8507 0.415 -0.3227
0.064066 3.00509 -0.051738 0.99066 0.584966 0.8972 0.4099 -0.1641
0.079084 2.92837 -0.079084 0.951788 0.579383 0.9131 0.1531 -0.3779
-0.154833 2.92837 0.087585 0.674958 0.942547 -0.9719 -0.2354 -0
-0.154833 2.92837 0.185814 0.622342 0.942547 -0.9719 -0.2354 -0
-0.165175 2.97107 0.162561 0.634797 0.919424 -0.9999 -0.0131 -0.0003
-0.165175 2.97107 0.076625 0.680829 0.919424 -0.9999 -0.0131 -0.0003
-0.154833 2.92837 0.087585 0.674958 0.942547 -0.9719 -0.2354 -0
-0.165175 2.97107 0.162561 0.634797 0.919424 -0.9999 -0.0131 -0.0003
0.600926 3.06891 0.126168 0.2791 0.793392 0.9719 0.2354 -0
0.600926 3.06891 0.05947 0.315583 0.793392 0.9719 0.2354 -0
0.586392 3.12892 0.044067 0.324008 0.822981 0.9719 0.2354 -0
0.586392 3.12892 0.09349 0.296974 0.822981 0.9719 0.2354 -0
0.600926 3.06891 0.126168 0.2791 0.793392 0.9719 0.2354 -0
0.586392 3.12892 0.044067 0.324008 0.822981 0.9719 0.2354 -0
0.526791 3.11619 0.098506 0.613898 0.380096 -0.0269 0.473 0.8806
0.542105 3.05296 0.132937 0.613369 0.344461 -0.0269 0.473 0.8806
0.600926 3.06891 0.126168 0.643897 0.346275 -0.0269 0.473 0.8806
0.586392 3.12892 0.09349 0.6444 0.380096 -0.0269 0.473 0.8806
0.526791 3.11619 0.098506 0.613898 0.380096 -0.0269 0.473 0.8806
0.600926 3.06891 0.126168 0.643897 0.346275 -0.0269 0.473 0.8806
0.542105 3.05296 0.132937 0.308089 0.869528 0.2617 -0.9651 -0
0.542105 3.05296 0.062661 0.314003 0.903016 0.2617 -0.9651 -0
0.600926 3.06891 0.05947 0.284712 0.909575 0.2617 -0.9651 -0
0.600926 3.06891 0.126168 0.2791 0.877792 0.2617 -0.9651 -0
0.542105 3.05296 0.132937 0.308089 0.869528 0.2617 -0.9651 -0
0.600926 3.06891 0.05947 0.284712 0.909575 0.2617 -0.9651 -0
0.542105 3.05296 -0.132938 0.039874 0.6253 -0.0269 0.473 -0.8806
0.526791 3.11619 -0.098507 0.039351 0.660896 -0.0269 0.473 -0.8806
0.586392 3.12892 -0.093491 0.009249 0.660896 -0.0269 0.473 -0.8806
0.600926 3.06891 -0.126168 0.009745 0.627113 -0.0269 0.473 -0.8806
0.542105 3.05296 -0.132938 0.039874 0.6253 -0.0269 0.473 -0.8806
0.586392 3.12892 -0.093491 0.009249 0.660896 -0.0269 0.473 -0.8806
0.526791 3.11619 -0.098507 0.039351 0.660896 -0.2089 0.9779 -0
0.526791 3.11619 -0.044378 0.037166 0.686987 -0.2089 0.9779 -0
0.586392 3.12892 -0.042118 0.007174 0.685658 -0.2089 0.9779 -0
0.586392 3.12892 -0.093491 0.009249 0.660896 -0.2089 0.9779 -0
0.526791 3.11619 -0.098507 0.039351 0.660896 -0.2089 0.9779 -0
0.586392 3.12892 -0.042118 0.007174 0.685658 -0.2089 0.9779 -0
0.600926 3.06891 -0.126168 0.417125 0.793392 0.9719 0.2354 -0
0.586392 3.12892 -0.093491 0.399251 0.822981 0.9719 0.2354 -0
0.586392 3.12892 -0.042118 0.371151 0.822981 0.9719 0.2354 -0
0.600926 3.06891 -0.05684 0.379203 0.793392 0.9719 0.2354 -0
0.600926 3.06891 -0.126168 0.417125 0.793392 0.9719 0.2354 -0
0.586392 3.12892 -0.042118 0.371151 0.822981 0.9719 0.2354 -0
0.061241 3.01675 0.0649 0.266304 0.758547 -0.1399 0.9902 -0
0.526791 3.11619 0.046432 0.033499 0.730759 -0.2089 0.9779 -0
0.526791 3.11619 -0.044378 0.037166 0.686987 -0.2089 0.9779 -0
0.061241 3.01675 -0.06203 0.271429 0.697365 -0.1399 0.9902 -0
0.061241 3.01675 0.0649 0.266304 0.758547 -0.1399 0.9902 -0
0.526791 3.11619 -0.044378 0.037166 0.686987 -0.2089 0.9779 -0
-0.154833 2.92837 -0.185814 0.672491 0.130955 -0.9719 -0.2354 -0
-0.154833 2.92837 -0.083711 0.726013 0.131051 -0.9719 -0.2354 -0
-0.165175 2.97107 -0.073235 0.731462 0.153689 -0.9999 -0.013 0.0003
-0.165175 2.97107 -0.162562 0.684637 0.153605 -0.9999 -0.013 0.0003
-0.154833 2.92837 -0.185814 0.672491 0.130955 -0.9719 -0.2354 -0
-0.165175 2.97107 -0.073235 0.731462 0.153689 -0.9999 -0.013 0.0003
0.082646 2.92837 -0.185814 0.275215 0.611141 0.2617 -0.9651 -0
0.542105 3.05296 -0.132938 0.039874 0.6253 0.2617 -0.9651 -0
0.542105 3.05296 -0.059889 0.033727 0.590491 0.2617 -0.9651 -0
0.082646 2.92837 -0.083711 0.266623 0.562486 0.2617 -0.9651 -0
0.082646 2.92837 -0.185814 0.275215 0.611141 0.2617 -0.9651 -0
0.542105 3.05296 -0.059889 0.033727 0.590491 0.2617 -0.9651 -0
0.600926 3.06891 -0.05684 0.379203 0.793392 0.9719 0.2354 -0
0.586392 3.12892 -0.042118 0.371151 0.822981 0.9719 0.2354 -0
0.586392 3.12892 0.044067 0.324008 0.822981 0.9719 0.2354 -0
0.600926 3.06891 0.05947 0.315583 0.793392 0.9719 0.2354 -0
0.600926 3.06891 -0.05684 0.379203 0.793392 0.9719 0.2354 -0
0.586392 3.12892 0.044067 0.324008 0.822981 0.9719 0.2354 -0
0.061241 3.01675 0.137688 0.263365 0.793631 -0.105 0.9945 -0
0.526791 3.11619 0.098506 0.031396 0.755859 -0.2089 0.9779 -0
0.526791 3.11619 0.046432 0.033499 0.730759 -0.2089 0.9779 -0
0.061241 3.01675 0.0649 0.266304 0.758547 -0.1399 0.9902 -0
0.061241 3.01675 0.137688 0.263365 0.793631 -0.105 0.9945 -0
0.526791 3.11619 0.046432 0.033499 0.730759 -0.2089 0.9779 -0
0.061241 3.01675 -0.06203 0.87923 0.994994 -0.9719 -0.2354 -0
0.082646 2.92837 -0.083711 0.879248 0.957683 -0.9719 -0.2354 -0
0.082646 2.92837 0.087585 0.948516 0.957715 -0.9719 -0.2354 -0
0.061241 3.01675 0.0649 0.948499 0.995025 -0.9719 -0.2354 -0
0.061241 3.01675 -0.06203 0.87923 0.994994 -0.9719 -0.2354 -0
0.082646 2.92837 0.087585 0.948516 0.957715 -0.9719 -0.2354 -0
0.079106 2.94143 -0.083711 0.87925 0.952308 0.2617 -0.9651 -0
0.538564 3.06602 -0.059889 0.87925 0.687611 0.2617 -0.9651 -0
0.538564 3.06602 0.062661 0.948519 0.687611 0.2617 -0.9651 -0
0.079106 2.94143 0.087585 0.948519 0.95234 0.2617 -0.9651 -0
0.079106 2.94143 -0.083711 0.87925 0.952308 0.2617 -0.9651 -0
0.538564 3.06602 0.062661 0.948519 0.687611 0.2617 -0.9651 -0
-0.086883 3.01675 0.137688 0.647981 0.864677 0 1 -0
-0.086883 3.01675 0.0649 0.685172 0.864692 0 1 -0
-0.129238 3.01675 0.0649 0.685172 0.885955 -0.2229 0.9748 -0.0003
-0.129238 3.01675 0.137688 0.647981 0.885955 -0.2229 0.9748 -0.0003
-0.086883 3.01675 0.137688 0.647981 0.864677 0 1 -0
-0.129238 3.01675 0.0649 0.685172 0.885955 -0.2229 0.9748 -0.0003
-0.065478 2.92837 0.087585 0.674958 0.989572 0 -1 -0
-0.065478 2.92837 0.185814 0.622342 0.989572 0 -1 -0
-0.154833 2.92837 0.185814 0.622342 0.942547 0 -1 -0
-0.154833 2.92837 0.087585 0.674958 0.942547 0 -1 -0
-0.065478 2.92837 0.087585 0.674958 0.989572 0 -1 -0
-0.154833 2.92837 0.185814 0.622342 0.942547 0 -1 -0
-0.065309 3.01675 -0.06203 0.735464 0.217883 0 1 -0
-0.065309 3.01675 -0.137689 0.697449 0.217838 0 1 -0
-0.129238 3.01675 -0.137689 0.697449 0.186256 -0.2229 0.9748 0.0004
-0.129238 3.01675 -0.06203 0.735464 0.186325 -0.2229 0.9749 0.0003
-0.065309 3.01675 -0.06203 0.735464 0.217883 0 1 -0
-0.129238 3.01675 -0.137689 0.697449 0.186256 -0.2229 0.9748 0.0004
-0.043903 2.92837 -0.185814 0.672597 0.073824 0 -1 -0
-0.043903 2.92837 -0.083711 0.726119 0.07392 0 -1 -0
-0.154833 2.92837 -0.083711 0.726013 0.131051 0 -1 -0
-0.154833 2.92837 -0.185814 0.672491 0.130955 0 -1 -0
-0.043903 2.92837 -0.185814 0.672597 0.073824 0 -1 -0
-0.154833 2.92837 -0.083711 0.726013 0.131051 0 -1 -0
0.082646 2.92837 -0.083711 0.781187 0.290921 0 -0.12 0.9928
0.061241 3.01675 -0.06203 0.735464 0.280354 0 -0.2382 0.9712
-0.065309 3.01675 -0.06203 0.735464 0.217883 0 -0.2382 0.9712
-0.043903 2.92837 -0.083711 0.781187 0.22845 0 -0.1599 0.9871
0.082646 2.92837 -0.083711 0.781187 0.290921 0 -0.12 0.9928
-0.065309 3.01675 -0.06203 0.735464 0.217883 0 -0.2382 0.9712
0.061241 3.01675 -0.06203 0.735464 0.280354 -0.1399 0.9902 -0
0.061241 3.01675 -0.137689 0.697449 0.280354 -0.105 0.9945 -0
-0.065309 3.01675 -0.137689 0.697449 0.217838 0 1 -0
-0.065309 3.01675 -0.06203 0.735464 0.217883 0 1 -0
0.061241 3.01675 -0.06203 0.735464 0.280354 -0.1399 0.9902 -0
-0.065309 3.01675 -0.137689 0.697449 0.217838 0 1 -0
0.061241 3.01675 -0.137689 0.274418 0.660882 -0.0134 0.4757 -0.8795
0.082646 2.92837 -0.185814 0.275215 0.611141 -0.0136 0.4756 -0.8795
-0.043903 2.92837 -0.185814 0.335931 0.624737 0 0.4782 -0.8782
-0.065309 3.01675 -0.137689 0.335178 0.674487 0 0.4782 -0.8782
0.061241 3.01675 -0.137689 0.274418 0.660882 -0.0134 0.4757 -0.8795
-0.043903 2.92837 -0.185814 0.335931 0.624737 0 0.4782 -0.8782
0.082646 2.82038 -0.096558 0.840338 0.290921 0 -1 -0
0.082646 2.82038 -0.083711 0.833883 0.290921 0 -1 -0
-0.043903 2.82038 -0.083711 0.833883 0.22845 0 -1 -0
-0.043903 2.82038 -0.096558 0.840338 0.22845 0 -1 -0
0.082646 2.82038 -0.096558 0.840338 0.290921 0 -1 -0
-0.043903 2.82038 -0.083711 0.833883 0.22845 0 -1 -0
0.082646 2.82038 0.087585 0.785241 0.779587 0 -1 -0
0.082646 2.82038 0.096557 0.789826 0.779587 0 -1 -0
-0.065478 2.82038 0.096557 0.789826 0.853947 0 -1 -0
-0.065478 2.82038 0.087585 0.785241 0.853947 0 -1 -0
0.082646 2.82038 0.087585 0.785241 0.779587 0 -1 -0
-0.065478 2.82038 0.096557 0.789826 0.853947 0 -1 -0
0.061241 3.01675 0.0649 0.685172 0.790332 -0 -0.2486 -0.9686
0.082646 2.92837 0.087585 0.731796 0.779587 -0 -0.1253 -0.9921
-0.065478 2.92837 0.087585 0.731796 0.853947 -0 -0.1669 -0.986
-0.086883 3.01675 0.0649 0.685172 0.864692 -0 -0.2486 -0.9686
0.061241 3.01675 0.0649 0.685172 0.790332 -0 -0.2486 -0.9686
-0.065478 2.92837 0.087585 0.731796 0.853947 -0 -0.1669 -0.986
0.061241 3.01675 0.137688 0.647981 0.790263 -0.105 0.9945 -0
0.061241 3.01675 0.0649 0.685172 0.790332 -0.1399 0.9902 -0
-0.086883 3.01675 0.0649 0.685172 0.864692 0 1 -0
-0.086883 3.01675 0.137688 0.647981 0.864677 0 1 -0
0.061241 3.01675 0.137688 0.647981 0.790263 -0.105 0.9945 -0
-0.086883 3.01675 0.0649 0.685172 0.864692 0 1 -0
0.082646 2.92837 0.185814 0.374908 0.330287 -0.0135 0.4757 0.8795
0.061241 3.01675 0.137688 0.375648 0.380096 -0.0134 0.4757 0.8795
-0.086883 3.01675 0.137688 0.303587 0.396038 -0 0.4782 0.8782
-0.065478 2.92837 0.185814 0.302899 0.346217 -0 0.4782 0.8782
0.082646 2.92837 0.185814 0.374908 0.330287 -0.0135 0.4757 0.8795
-0.086883 3.01675 0.137688 0.303587 0.396038 -0 0.4782 0.8782
-0.043903 2.92837 -0.185814 0.910731 0.22845 0 -0.6371 -0.7708
0.082646 2.92837 -0.185814 0.910731 0.290921 0 -0.6371 -0.7708
0.082646 2.82038 -0.096558 0.840338 0.290921 0 -0.6371 -0.7708
-0.043903 2.82038 -0.096558 0.840338 0.22845 0 -0.6371 -0.7708
-0.043903 2.92837 -0.185814 0.910731 0.22845 0 -0.6371 -0.7708
0.082646 2.82038 -0.096558 0.840338 0.290921 0 -0.6371 -0.7708
0.082646 2.92837 -0.185814 0.910731 0.290921 1 0 -0
0.082646 2.92837 -0.083711 0.894597 0.297263 1 0 -0
0.082646 2.82038 -0.083711 0.840338 0.297263 1 0 -0
0.082646 2.82038 -0.096558 0.840338 0.290921 1 0 -0
0.082646 2.92837 -0.185814 0.910731 0.290921 1 0 -0
0.082646 2.82038 -0.083711 0.840338 0.297263 1 0 -0
0.082646 2.92837 -0.083711 0.781187 0.290921 0 -0.12 0.9928
-0.043903 2.92837 -0.083711 0.781187 0.22845 0 -0.1599 0.9871
-0.043903 2.82038 -0.083711 0.833883 0.22845 0 0 1
0.082646 2.82038 -0.083711 0.833883 0.290921 0 0 1
0.082646 2.92837 -0.083711 0.781187 0.290921 0 -0.12 0.9928
-0.043903 2.82038 -0.083711 0.833883 0.22845 0 0 1
-0.043903 2.92837 -0.083711 0.726119 0.07392 -1 -0 -0
-0.043903 2.92837 -0.185814 0.672597 0.073824 -1 -0 -0
-0.043903 2.82038 -0.096558 0.672731 0.00166899 -1 -0 -0
-0.043903 2.82038 -0.083711 0.726222 0.018303 -1 -0 -0
-0.043903 2.92837 -0.083711 0.726119 0.07392 -1 -0 -0
-0.043903 2.82038 -0.096558 0.672731 0.00166899 -1 -0 -0
-0.065478 2.92837 0.087585 0.731796 0.853947 -0 -0.1669 -0.986
0.082646 2.92837 0.087585 0.731796 0.779587 -0 -0.1253 -0.9921
0.082646 2.82038 0.087585 0.785241 0.779587 0 -0 -1
-0.065478 2.82038 0.087585 0.785241 0.853947 0 -0 -1
-0.065478 2.92837 0.087585 0.731796 0.853947 -0 -0.1669 -0.986
0.082646 2.82038 0.087585 0.785241 0.779587 0 -0 -1
0.082646 2.92837 0.087585 0.542797 0.851783 1 0 -0
0.082646 2.92837 0.185814 0.534532 0.804975 1 0 -0
0.082646 2.82038 0.096557 0.602483 0.793392 1 0 -0
0.082646 2.82038 0.087585 0.595173 0.842856 1 0 -0
0.082646 2.92837 0.087585 0.542797 0.851783 1 0 -0
0.082646 2.82038 0.096557 0.602483 0.793392 1 0 -0
0.082646 2.92837 0.185814 0.861412 0.779587 0 -0.6371 0.7708
-0.065478 2.92837 0.185814 0.861412 0.853947 0 -0.6371 0.7708
-0.065478 2.82038 0.096557 0.789826 0.853947 0 -0.6371 0.7708
0.082646 2.82038 0.096557 0.789826 0.779587 0 -0.6371 0.7708
0.082646 2.92837 0.185814 0.861412 0.779587 0 -0.6371 0.7708
-0.065478 2.82038 0.096557 0.789826 0.853947 0 -0.6371 0.7708
-0.065478 2.92837 0.185814 0.622342 0.779587 -1 -0 -0
-0.065478 2.92837 0.087585 0.625432 0.795707 -1 -0 -0
-0.065478 2.82038 0.087585 0.625432 0.849919 -1 -0 -0
-0.065478 2.82038 0.096557 0.622342 0.849919 -1 -0 -0
-0.065478 2.92837 0.185814 0.622342 0.779587 -1 -0 -0
-0.065478 2.82038 0.087585 0.625432 0.849919 -1 -0 -0
-0.129238 3.01675 0.0649 0.685172 0.885955 -0.2229 0.9748 -0.0003
-0.15833 3.00267 0.068516 0.685172 0.902386 -0.4345 0.9006 -0.0007
-0.158419 3.00273 0.145321 0.644032 0.902386 -0.4345 0.9006 -0.0007
-0.129238 3.01675 0.137688 0.647981 0.885955 -0.2229 0.9748 -0.0003
-0.129238 3.01675 0.0649 0.685172 0.885955 -0.2229 0.9748 -0.0003
-0.158419 3.00273 0.145321 0.644032 0.902386 -0.4345 0.9006 -0.0007
-0.129238 3.01675 -0.137689 0.697449 0.186256 -0.2229 0.9748 0.0004
-0.158419 3.00273 -0.145322 0.693644 0.170268 -0.4346 0.9006 0.0007
-0.158327 3.00266 -0.065486 0.735493 0.170343 -0.4346 0.9006 0.0007
-0.129238 3.01675 -0.06203 0.735464 0.186325 -0.2229 0.9749 0.0003
-0.129238 3.01675 -0.137689 0.697449 0.186256 -0.2229 0.9748 0.0004
-0.158327 3.00266 -0.065486 0.735493 0.170343 -0.4346 0.9006 0.0007
-0.165175 2.97107 0.076625 0.680829 0.919424 -0.9999 -0.0131 -0.0003
-0.165175 2.97107 0.162561 0.634797 0.919424 -0.9999 -0.0131 -0.0003
-0.158419 3.00273 0.145321 0.644032 0.902386 -0.9777 0.21 -0.0006
-0.15833 3.00267 0.068516 0.685172 0.902386 -0.9777 0.21 -0.0006
-0.165175 2.97107 0.076625 0.680829 0.919424 -0.9999 -0.0131 -0.0003
-0.158419 3.00273 0.145321 0.644032 0.902386 -0.9777 0.21 -0.0006
-0.165175 2.97107 -0.162562 0.684637 0.153605 -0.9999 -0.013 0.0003
-0.165175 2.97107 -0.073235 0.731462 0.153689 -0.9999 -0.013 0.0003
-0.158327 3.00266 -0.065486 0.735493 0.170343 -0.9777 0.21 0.0006
-0.158419 3.00273 -0.145322 0.693644 0.170268 -0.9777 0.21 0.0006
-0.165175 2.97107 -0.162562 0.684637 0.153605 -0.9999 -0.013 0.0003
-0.158327 3.00266 -0.065486 0.735493 0.170343 -0.9777 0.21 0.0006
0.586392 3.12892 0.09349 0.001699 0.751023 -0.2089 0.9779 -0
0.586392 3.12892 0.044067 0.003694 0.727201 -0.2089 0.9779 -0
0.526791 3.11619 0.046432 0.033499 0.730759 -0.2089 0.9779 -0
0.526791 3.11619 0.098506 0.031396 0.755859 -0.2089 0.9779 -0
0.586392 3.12892 0.09349 0.001699 0.751023 -0.2089 0.9779 -0
0.526791 3.11619 0.046432 0.033499 0.730759 -0.2089 0.9779 -0
0.061241 3.01675 0.137688 0.375648 0.380096 -0.0134 0.4757 0.8795
0.082646 2.92837 0.185814 0.374908 0.330287 -0.0135 0.4757 0.8795
0.542105 3.05296 0.132937 0.613369 0.344461 -0.0269 0.473 0.8806
0.526791 3.11619 0.098506 0.613898 0.380096 -0.0269 0.473 0.8806
0.061241 3.01675 0.137688 0.375648 0.380096 -0.0134 0.4757 0.8795
0.542105 3.05296 0.132937 0.613369 0.344461 -0.0269 0.473 0.8806
0.082646 2.92837 0.185814 0.534532 0.804975 0.2617 -0.9651 -0
0.082646 2.92837 0.087585 0.542797 0.851783 0.2617 -0.9651 -0
0.542105 3.05296 0.062661 0.314003 0.903016 0.2617 -0.9651 -0
0.542105 3.05296 0.132937 0.308089 0.869528 0.2617 -0.9651 -0
0.082646 2.92837 0.185814 0.534532 0.804975 0.2617 -0.9651 -0
0.542105 3.05296 0.062661 0.314003 0.903016 0.2617 -0.9651 -0
0.600926 3.06891 -0.05684 0.294499 0.964999 0.2617 -0.9651 -0
0.600926 3.06891 0.05947 0.284712 0.909575 0.2617 -0.9651 -0
0.542105 3.05296 0.062661 0.314003 0.903016 0.2617 -0.9651 -0
0.542105 3.05296 -0.059889 0.324315 0.961414 0.2617 -0.9651 -0
0.600926 3.06891 -0.05684 0.294499 0.964999 0.2617 -0.9651 -0
0.542105 3.05296 0.062661 0.314003 0.903016 0.2617 -0.9651 -0
0.600926 3.06891 -0.126168 0.009745 0.627113 0.2617 -0.9651 -0
0.600926 3.06891 -0.05684 0.003911 0.594076 0.2617 -0.9651 -0
0.542105 3.05296 -0.059889 0.033727 0.590491 0.2617 -0.9651 -0
0.542105 3.05296 -0.132938 0.039874 0.6253 0.2617 -0.9651 -0
0.600926 3.06891 -0.126168 0.009745 0.627113 0.2617 -0.9651 -0
0.542105 3.05296 -0.059889 0.033727 0.590491 0.2617 -0.9651 -0
0.082646 2.92837 -0.185814 0.275215 0.611141 -0.0136 0.4756 -0.8795
0.061241 3.01675 -0.137689 0.274418 0.660882 -0.0134 0.4757 -0.8795
0.526791 3.11619 -0.098507 0.039351 0.660896 -0.0269 0.473 -0.8806
0.542105 3.05296 -0.132938 0.039874 0.6253 -0.0269 0.473 -0.8806
0.082646 2.92837 -0.185814 0.275215 0.611141 -0.0136 0.4756 -0.8795
0.526791 3.11619 -0.098507 0.039351 0.660896 -0.0269 0.473 -0.8806
0.061241 3.01675 -0.137689 0.274484 0.660896 -0.105 0.9945 -0
0.061241 3.01675 -0.06203 0.271429 0.697365 -0.1399 0.9902 -0
0.526791 3.11619 -0.044378 0.037166 0.686987 -0.2089 0.9779 -0
0.526791 3.11619 -0.098507 0.039351 0.660896 -0.2089 0.9779 -0
0.061241 3.01675 -0.137689 0.274484 0.660896 -0.105 0.9945 -0
0.526791 3.11619 -0.044378 0.037166 0.686987 -0.2089 0.9779 -0
0.586392 3.12892 0.044067 0.003694 0.727201 -0.2089 0.9779 -0
0.586392 3.12892 -0.042118 0.007174 0.685658 -0.2089 0.9779 -0
0.526791 3.11619 -0.044378 0.037166 0.686987 -0.2089 0.9779 -0
0.526791 3.11619 0.046432 0.033499 0.730759 -0.2089 0.9779 -0
0.586392 3.12892 0.044067 0.003694 0.727201 -0.2089 0.9779 -0
0.526791 3.11619 -0.044378 0.037166 0.686987 -0.2089 0.9779 -0
0.082646 2.92837 0.087585 0.948516 0.957715 0.9651 0.2617 -0
0.082646 2.92837 -0.083711 0.879248 0.957683 0.9651 0.2617 -0
0.079106 2.94143 -0.083711 0.87925 0.952308 0.9651 0.2617 -0
0.079106 2.94143 0.087585 0.948519 0.95234 0.9651 0.2617 -0
0.082646 2.92837 0.087585 0.948516 0.957715 0.9651 0.2617 -0
0.079106 2.94143 -0.083711 0.87925 0.952308 0.9651 0.2617 -0
0.082646 2.92837 -0.083711 0.871603 0.952308 -0.0482 -0.0131 0.9988
0.542105 3.05296 -0.059889 0.871603 0.687611 -0.0482 -0.0131 0.9988
0.538564 3.06602 -0.059889 0.87925 0.687611 -0.0482 -0.0131 0.9988
0.079106 2.94143 -0.083711 0.87925 0.952308 -0.0482 -0.0131 0.9988
0.082646 2.92837 -0.083711 0.871603 0.952308 -0.0482 -0.0131 0.9988
0.538564 3.06602 -0.059889 0.87925 0.687611 -0.0482 -0.0131 0.9988
0.542105 3.05296 -0.059889 0.87925 0.680098 -0.9651 -0.2617 -0
0.542105 3.05296 0.062661 0.948519 0.680098 -0.9651 -0.2617 -0
0.538564 3.06602 0.062661 0.948519 0.687611 -0.9651 -0.2617 -0
0.538564 3.06602 -0.059889 0.87925 0.687611 -0.9651 -0.2617 -0
0.542105 3.05296 -0.059889 0.87925 0.680098 -0.9651 -0.2617 -0
0.538564 3.06602 0.062661 0.948519 0.687611 -0.9651 -0.2617 -0
0.542105 3.05296 0.062661 0.956166 0.687611 -0.0505 -0.0137 -0.9986
0.082646 2.92837 0.087585 0.956166 0.95234 -0.0505 -0.0137 -0.9986
0.079106 2.94143 0.087585 0.948519 0.95234 -0.0505 -0.0137 -0.9986
0.538564 3.06602 0.062661 0.948519 0.687611 -0.0505 -0.0137 -0.9986
0.542105 3.05296 0.062661 0.956166 0.687611 -0.0505 -0.0137 -0.9986
0.079106 2.94143 0.087585 0.948519 0.95234 -0.0505 -0.0137 -0.9986
-0.174683 0.025396 -0.174683 0.598849 0.7585 0 -0 -1
0.174683 0.025396 -0.174683 0.598849 0.587366 0 -0 -1
0.174683 -0.025396 -0.174683 0.624172 0.587366 0 -0 -1
-0.174683 -0.025396 -0.174683 0.624172 0.7585 0 -0 -1
-0.174683 0.025396 -0.174683 0.598849 0.7585 0 -0 -1
0.174683 -0.025396 -0.174683 0.624172 0.587366 0 -0 -1
0.174683 0.025396 -0.174683 0.598849 0.587366 1 0 -0
0.174683 0.025396 0.174683 0.424667 0.587366 1 0 -0
0.174683 -0.025396 0.174683 0.424667 0.562486 1 0 -0
0.174683 -0.025396 -0.174683 0.598849 0.562486 1 0 -0
0.174683 0.025396 -0.174683 0.598849 0.587366 1 0 -0
0.174683 -0.025396 0.174683 0.424667 0.562486 1 0 -0
0.174683 0.025396 0.174683 0.424667 0.587366 0 0 1
-0.174683 0.025396 0.174683 0.424667 0.7585 0 0 1
-0.174683 -0.025396 0.174683 0.399344 0.7585 0 0 1
0.174683 -0.025396 0.174683 0.399344 0.587366 0 0 1
0.174683 0.025396 0.174683 0.424667 0.587366 0 0 1
-0.174683 -0.025396 0.174683 0.399344 0.7585 0 0 1
-0.174683 0.025396 0.174683 0.424667 0.7585 -1 -0 -0
-0.174683 0.025396 -0.174683 0.598849 0.7585 -1 -0 -0
-0.174683 -0.025396 -0.174683 0.598849 0.783379 -1 -0 -0
-0.174683 -0.025396 0.174683 0.424667 0.783379 -1 -0 -0
-0.174683 0.025396 0.174683 0.424667 0.7585 -1 -0 -0
-0.174683 -0.025396 -0.174683 0.598849 0.783379 -1 -0 -0
-0.174683 0.025396 0.174683 0.424667 0.7585 0 1 -0
0.174683 0.025396 0.174683 0.424667 0.587366 0 1 -0
0.174683 0.025396 -0.174683 0.598849 0.587366 0 1 -0
-0.174683 0.025396 -0.174683 0.598849 0.7585 0 1 -0
-0.174683 0.025396 0.174683 0.424667 0.7585 0 1 -0
0.174683 0.025396 -0.174683 0.598849 0.587366 0 1 -0
-0.174683 -0.025396 -0.174683 0.624172 0.7585 0 -1 -0
0.174683 -0.025396 -0.174683 0.624172 0.587366 0 -1 -0
0.174683 -0.025396 0.174683 0.798355 0.587366 0 -1 -0
-0.174683 -0.025396 0.174683 0.798355 0.7585 0 -1 -0
-0.174683 -0.025396 -0.174683 0.624172 0.7585 0 -1 -0
0.174683 -0.025396 0.174683 0.798355 0.587366 0 -1 -0
