Vertex Count: 80

Data:

48 0 57.6875 0 1 0 -1 0
-48 0 57.6875 0 1 0 -1 0
-48 0 31.4375 0 1 0 -1 0
48 0 -57.6875 0 1 0 -1 0
48 0 57.6875 0 1 0 -1 0
-48 0 -57.6875 0 1 0 -1 0
48 24 -38.3125 1.6 1 0 1 0
-48 24 -38.3125 0 1 0 1 0
-48 24 57.6875 0 -2.2 0 1 0
-48 11.9942 -44.125 0.0969 0.6002 -1 -0 0
-48 11.9942 -50.0625 0.1958 0.6002 -1 -0 0
-48 5.9884 -50.0625 0.1958 0.8004 -1 -0 0
-48 0 -57.6875 0.3229 1 -1 -0 0
-48 0 31.4375 -1.1625 1 -1 -0 0
-48 5.9884 -50.0625 0.1958 0.8004 -1 -0 0
-48 11.9942 -44.125 0.0969 0.6002 -1 -0 0
-48 0 31.4375 -1.1625 1 -1 -0 0
-48 17.9732 -38.3125 0 0.4009 -1 -0 0
-48 17.9732 -38.3125 0 0.4009 -1 -0 0
-48 0 31.4375 -1.1625 1 -1 -0 0
-48 24 57.6875 -1.6 0.2 -1 -0 0
-48 0 57.6875 -1.6 1 -1 -0 0
-48 24 57.6875 -1.6 0.2 -1 -0 0
-48 0 31.4375 -1.1625 1 -1 -0 0
-48 24 57.6875 0 0.2 0 0 1
-48 0 57.6875 0 1 0 0 1
48 0 57.6875 -1.6 1 0 0 1
48 0 57.6875 1.6 1 1 0 0
48 0 -57.6875 -0.3229 1 1 0 0
48 5.9884 -57.6875 -0.3229 0.8004 1 0 0
48 0 57.6875 1.6 1 1 0 0
48 5.9884 -50.0625 -0.1958 0.8004 1 0 0
48 11.9942 -50.0625 -0.1958 0.6002 1 0 0
48 0 57.6875 1.6 1 1 0 0
48 11.9942 -44.125 -0.0969 0.6002 1 0 0
48 17.9732 -44.125 -0.0969 0.4009 1 0 0
48 0 57.6875 1.6 1 1 0 0
48 17.9732 -38.3125 0 0.4009 1 0 0
48 24 -38.3125 0 0.2 1 0 0
48 24 -38.3125 1.6 0.2 0 0 -1
48 17.9732 -38.3125 1.6 0.4009 0 0 -1
-48 17.9732 -38.3125 0 0.4009 0 0 -1
48 5.9884 -57.6875 1.6 0.8004 0 0 -1
48 0 -57.6875 1.6 1 0 0 -1
-48 0 -57.6875 0 1 0 0 -1
48 5.9884 -57.6875 1.6 1.6458 0 1 0
-48 5.9884 -57.6875 0 1.6458 0 1 0
-48 5.9884 -50.0625 0 1.3917 0 1 0
48 11.9942 -50.0625 1.6 0.6002 0 0 -1
48 5.9884 -50.0625 1.6 0.8004 0 0 -1
-48 5.9884 -50.0625 0 0.8004 0 0 -1
48 11.9942 -50.0625 1.6 1.3917 0 1 0
-48 11.9942 -50.0625 0 1.3917 0 1 0
-48 11.9942 -44.125 -0 1.1937 0 1 0
48 17.9732 -44.125 1.6 0.4009 0 0 -1
48 11.9942 -44.125 1.6 0.6002 0 0 -1
-48 11.9942 -44.125 -0 0.6002 0 0 -1
48 17.9732 -44.125 1.6 1.1937 0 1 0
-48 17.9732 -44.125 -0 1.1937 0 1 0
-48 17.9732 -38.3125 0 1 0 1 0
